         1          1       2076
         1          1       4785
         1          1       5793
         1          1       6338
         1          1       9484
         2          2       2076
         2          2       2564
         2          2       5793
         2          2       6395
         2          2       9484
         2          2       9994
         3          3       5793
         3          3       9484
         4          4       2076
         4          4       2564
         4          4       5793
         4          4       6395
         4          4       9994
         5          5       2076
         5          5       9484
         6          6       2564
         6          6       5793
         6          6       6395
         6          6       9994
         7          7       2076
         7          7       2564
         7          7       5793
         7          7       6395
         7          7       9484
         7          7       9994
         8          8       2076
         8          8       2564
         8          8       5016
         8          8       5793
         8          8       6395
         8          8       9484
         8          8       9994
         9          9       2076
         9          9       2564
         9          9       5793
         9          9       6395
         9          9       9484
         9          9       9994
        10         10       2076
        10         10       2564
        10         10       9484
        10         10       9994
        11         11       2564
        11         11       5793
        11         11       6395
        11         11       9994
        12         12       2076
        12         12       4785
        12         12       5793
        12         12       6338
        12         12       9484
        13         13       2076
        13         13       5016
        13         13       9484
        14         14       2076
        14         14       2564
        14         14       5793
        14         14       6395
        14         14       9484
        14         14       9994
        15         15       2076
        15         15       2564
        15         15       5016
        15         15       5793
        15         15       6338
        15         15       6395
        15         15       9484
        15         15       9994
        16         16       2564
        16         16       5793
        16         16       6395
        16         16       9994
        17         17       2564
        17         17       5793
        17         17       6395
        17         17       9994
        18         18       5793
        18         18       6338
        18         18       9484
        19         19       2076
        19         19       2564
        19         19       5016
        19         19       5793
        19         19       6395
        19         19       9484
        19         19       9994
        20         20       2564
        20         20       4785
        20         20       5793
        20         20       6338
        20         20       6395
        20         20       9484
        20         20       9994
        21         21       2076
        21         21       5793
        21         21       6338
        21         21       9484
        21         21       9994
        22         22       2076
        22         22       2564
        22         22       5793
        22         22       9484
        22         22       9994
        23         23       2076
        23         23       9484
        24         24       2076
        24         24       2564
        24         24       5793
        24         24       6395
        24         24       9484
        24         24       9994
        25         25       2076
        25         25       5016
        25         25       9484
        26         26       2564
        26         26       5793
        26         26       6395
        26         26       9484
        26         26       9994
        27         27       2076
        27         27       5793
        27         27       9484
        28         28       2076
        28         28       2564
        28         28       5793
        28         28       6395
        28         28       9484
        28         28       9994
        29         29       2076
        29         29       2564
        29         29       5793
        29         29       6395
        29         29       9484
        29         29       9994
        30         30       2076
        30         30       5793
        30         30       6338
        30         30       6395
        30         30       9484
        31         31       2564
        31         31       5793
        31         31       6395
        31         31       9994
        32         32       2076
        32         32       5016
        32         32       5793
        32         32       9484
        33         33       2076
        33         33       5016
        33         33       5793
        33         33       9484
        34         34       2076
        34         34       5016
        34         34       9484
        35         35       2076
        35         35       5793
        35         35       6395
        35         35       9484
        35         35       9994
        36         36       2076
        36         36       2564
        36         36       5016
        36         36       5793
        36         36       6395
        36         36       9484
        36         36       9994
        37         37       2076
        37         37       2564
        37         37       5793
        37         37       6395
        37         37       9484
        37         37       9994
        38         38       2076
        38         38       2564
        38         38       5016
        38         38       5793
        38         38       6395
        38         38       9484
        39         39       2564
        39         39       5793
        39         39       6395
        39         39       9994
        40         40       2076
        40         40       2564
        40         40       5793
        40         40       6395
        40         40       9484
        41         41       2076
        41         41       4785
        41         41       5016
        41         41       5793
        41         41       6338
        41         41       9484
        42         42       2564
        42         42       5793
        42         42       9994
        43         43       2076
        43         43       2564
        43         43       5016
        43         43       5793
        43         43       6395
        43         43       9484
        43         43       9994
        44         44       2076
        44         44       2564
        44         44       5793
        44         44       6395
        44         44       9484
        44         44       9994
        45         45       2076
        45         45       2564
        45         45       4785
        45         45       5016
        45         45       5793
        45         45       6338
        45         45       6395
        45         45       9484
        45         45       9994
        46         46       2076
        46         46       9484
        46         46       9994
        47         47       5793
        48         48       2076
        48         48       2564
        48         48       4785
        48         48       5016
        48         48       5793
        48         48       6338
        48         48       6395
        48         48       9484
        49         49       5793
        49         49       6395
        50         50       2564
        50         50       5793
        50         50       9994
        51         51       2076
        51         51       2564
        51         51       5793
        51         51       6395
        51         51       9484
        51         51       9994
        52         52       2076
        52         52       4785
        52         52       5793
        52         52       6338
        52         52       9484
        53         53       2564
        53         53       4785
        53         53       5793
        53         53       6338
        53         53       6395
        53         53       9994
        54         54       2076
        54         54       9484
        55         55       2076
        55         55       2564
        55         55       5016
        55         55       5793
        55         55       6395
        55         55       9484
        55         55       9994
        56         56       2564
        56         56       5016
        56         56       5793
        56         56       6395
        57         57       2076
        57         57       9484
        58         58       2076
        58         58       9484
        59         59       2076
        59         59       2564
        59         59       5793
        59         59       6395
        59         59       9484
        59         59       9994
        60         60       2076
        60         60       2564
        60         60       5016
        60         60       5793
        60         60       6395
        60         60       9484
        60         60       9994
        61         61       2564
        61         61       5793
        61         61       6395
        61         61       9994
        62         62       2076
        62         62       5016
        62         62       6338
        62         62       9484
        63         63       2076
        63         63       2564
        63         63       6395
        63         63       9484
        64         64       5016
        64         64       5793
        64         64       9484
        65         65       2076
        65         65       5793
        65         65       9484
        66         66       2564
        66         66       5793
        66         66       6395
        66         66       9484
        67         67       2076
        67         67       9484
        68         68       2076
        68         68       9484
        69         69       2076
        69         69       2564
        69         69       5016
        69         69       5793
        69         69       6395
        69         69       9484
        69         69       9994
        70         70       9484
        71         71       2076
        71         71       2564
        71         71       4785
        71         71       5016
        71         71       5793
        72         72       2564
        72         72       5793
        72         72       9484
        72         72       9994
        73         73       2076
        73         73       4785
        73         73       6338
        73         73       9484
        74         74       2076
        74         74       5793
        74         74       6395
        74         74       9484
        74         74       9994
        75         75       2076
        75         75       2564
        75         75       6395
        76         76       2076
        76         76       9484
        77         77       2076
        77         77       9484
        78         78       2076
        78         78       4785
        78         78       5016
        78         78       5793
        78         78       6338
        78         78       9484
        79         79       2076
        79         79       9484
        80         80       2076
        80         80       5793
        80         80       9484
        81         81       2076
        81         81       5016
        81         81       5793
        81         81       9484
        82         82       2076
        82         82       5016
        82         82       9484
        83         83       2564
        83         83       5016
        83         83       5793
        83         83       6395
        83         83       9994
        84         84       2564
        84         84       5793
        84         84       6395
        84         84       9994
        85         85       2076
        85         85       9484
        86         86       2076
        86         86       2564
        86         86       5793
        86         86       6395
        86         86       9484
        86         86       9994
        87         87       2076
        87         87       5016
        87         87       5793
        87         87       9484
        88         88       2076
        88         88       5016
        88         88       9484
        89         89       2076
        89         89       9484
        90         90       2076
        90         90       2564
        90         90       5793
        90         90       6395
        90         90       9484
        90         90       9994
        91         91       2076
        91         91       9484
        92         92       2076
        92         92       2564
        92         92       5016
        92         92       5793
        92         92       6395
        92         92       9484
        92         92       9994
        93         93       2076
        93         93       5793
        93         93       6395
        93         93       9484
        94         94       2076
        94         94       2564
        94         94       5016
        94         94       5793
        94         94       6395
        94         94       9484
        94         94       9994
        95         95       2076
        95         95       2564
        95         95       5016
        95         95       5793
        95         95       6395
        95         95       9484
        95         95       9994
        96         96       2076
        96         96       9484
        97         97       2076
        97         97       4785
        97         97       5016
        97         97       5793
        97         97       6338
        97         97       9484
        98         98       2076
        98         98       2564
        98         98       5793
        98         98       6395
        98         98       9994
        99         99       2076
        99         99       2564
        99         99       5793
        99         99       6395
        99         99       9994
       100        100       2076
       100        100       9484
       101        101       2076
       101        101       2564
       101        101       5016
       101        101       5793
       101        101       6395
       101        101       9484
       101        101       9994
       102        102       2076
       102        102       2564
       102        102       5793
       102        102       6395
       102        102       9484
       102        102       9994
       103        103       2076
       103        103       2564
       103        103       5793
       103        103       6395
       103        103       9484
       103        103       9994
       104        104       2564
       104        104       5793
       104        104       6395
       104        104       9994
       105        105       2564
       105        105       5793
       105        105       6395
       105        105       9994
       106        106       2076
       106        106       5793
       106        106       9484
       107        107       2076
       107        107       2564
       107        107       5793
       107        107       6395
       107        107       9484
       107        107       9994
       108        108       2564
       108        108       5016
       108        108       5793
       108        108       6395
       108        108       9484
       108        108       9994
       109        109       2076
       109        109       5793
       109        109       6395
       109        109       9484
       110        110       2076
       110        110       2564
       110        110       5793
       110        110       9484
       111        111       5793
       111        111       9484
       112        112       2076
       112        112       2564
       112        112       4785
       112        112       6338
       112        112       6395
       112        112       9484
       112        112       9994
       113        113       2076
       113        113       5016
       113        113       5793
       113        113       9484
       113        113       9994
       114        114       2076
       114        114       2564
       114        114       5793
       114        114       6395
       114        114       9484
       115        115       2564
       115        115       6395
       115        115       9994
       116        116       2076
       116        116       2564
       116        116       5793
       116        116       9484
       116        116       9994
       117        117       2076
       117        117       2564
       117        117       5793
       117        117       6395
       117        117       9484
       117        117       9994
       118        118       2076
       118        118       4785
       118        118       5016
       118        118       5793
       118        118       6338
       118        118       9484
       119        119       2076
       119        119       2564
       119        119       5793
       119        119       6395
       119        119       9484
       119        119       9994
       120        120       2076
       120        120       2564
       120        120       5793
       120        120       6395
       120        120       9484
       120        120       9994
       121        121       2564
       121        121       6395
       121        121       9994
       122        122       2076
       122        122       2564
       122        122       5016
       122        122       5793
       122        122       6338
       122        122       6395
       122        122       9484
       122        122       9994
       123        123       2076
       123        123       2564
       123        123       5793
       123        123       9484
       123        123       9994
       124        124       2076
       124        124       2564
       124        124       5016
       124        124       5793
       124        124       6395
       124        124       9484
       125        125       2076
       125        125       5016
       125        125       5793
       125        125       9484
       126        126       2564
       126        126       5793
       126        126       6395
       126        126       9994
       127        127       2076
       127        127       2564
       127        127       5793
       127        127       6395
       127        127       9484
       127        127       9994
       128        128       2564
       128        128       5016
       128        128       5793
       128        128       6395
       128        128       9994
       129        129       2076
       129        129       5793
       129        129       9484
       130        130       2076
       130        130       2564
       130        130       4785
       130        130       5793
       130        130       9484
       130        130       9994
       131        131       2076
       131        131       2564
       131        131       5016
       131        131       5793
       131        131       9484
       132        132       2076
       132        132       2564
       132        132       4785
       132        132       5016
       132        132       5793
       132        132       6338
       132        132       6395
       132        132       9484
       132        132       9994
       133        133       2076
       133        133       4785
       133        133       5793
       133        133       6338
       133        133       9484
       133        133       9994
       134        134       2564
       134        134       5793
       134        134       6395
       134        134       9484
       134        134       9994
       135        135       2076
       135        135       2564
       135        135       5016
       135        135       5793
       135        135       6395
       135        135       9484
       135        135       9994
       136        136       2076
       136        136       5016
       136        136       9484
       137        137       2564
       137        137       5793
       137        137       6395
       138        138       2076
       138        138       5016
       138        138       5793
       138        138       6395
       138        138       9484
       138        138       9994
       139        139       2564
       139        139       5793
       139        139       6395
       139        139       9994
       140        140       2076
       140        140       6395
       140        140       9484
       140        140       9994
       141        141       2076
       141        141       2564
       141        141       4785
       141        141       5793
       141        141       6395
       141        141       9484
       141        141       9994
       142        142       2076
       142        142       2564
       142        142       5016
       142        142       5793
       142        142       9484
       143        143       5793
       144        144       2076
       144        144       9484
       145        145       2076
       145        145       2564
       145        145       5016
       145        145       5793
       145        145       6395
       145        145       9484
       145        145       9994
       146        146       2076
       146        146       2564
       146        146       5016
       146        146       5793
       146        146       6395
       146        146       9484
       146        146       9994
       147        147       2076
       147        147       5016
       147        147       5793
       147        147       6395
       147        147       9994
       148        148       2076
       148        148       2564
       148        148       5793
       148        148       6395
       149        149       2076
       149        149       2564
       149        149       5016
       149        149       5793
       149        149       6395
       149        149       9484
       149        149       9994
       150        150       2076
       150        150       2564
       150        150       5016
       150        150       5793
       150        150       6395
       150        150       9484
       151        151       2076
       151        151       2564
       151        151       5793
       151        151       9484
       151        151       9994
       152        152       2076
       152        152       5793
       152        152       9484
       152        152       9994
       153        153       2076
       153        153       2564
       153        153       5793
       153        153       6395
       153        153       9484
       153        153       9994
       154        154       2076
       154        154       2564
       154        154       5016
       154        154       5793
       154        154       6395
       154        154       9484
       154        154       9994
       155        155       2076
       155        155       2564
       155        155       5016
       155        155       6395
       155        155       9484
       156        156       2564
       156        156       5793
       156        156       6395
       156        156       9994
       157        157       2076
       157        157       2564
       157        157       5793
       157        157       6395
       157        157       9484
       157        157       9994
       158        158       2076
       158        158       5793
       158        158       9484
       159        159       2076
       159        159       5016
       159        159       5793
       159        159       6395
       159        159       9484
       159        159       9994
       160        160       2076
       160        160       9484
       161        161       2076
       161        161       2564
       161        161       4785
       161        161       5793
       161        161       6338
       161        161       9484
       162        162       2076
       162        162       4785
       162        162       5016
       162        162       6338
       162        162       9484
       163        163       2076
       163        163       2564
       163        163       5793
       163        163       6395
       163        163       9484
       163        163       9994
       164        164       2076
       164        164       4785
       164        164       5016
       164        164       6338
       164        164       9484
       165        165       2076
       165        165       2564
       165        165       5793
       165        165       6395
       165        165       9484
       165        165       9994
       166        166       2076
       166        166       4785
       166        166       6338
       166        166       9484
       167        167       2076
       167        167       2564
       167        167       5793
       167        167       9484
       167        167       9994
       168        168       2076
       168        168       5016
       168        168       5793
       168        168       9484
       169        169       2076
       169        169       5793
       169        169       9484
       170        170       2564
       170        170       5793
       170        170       6395
       170        170       9994
       171        171       2076
       171        171       9484
       172        172       2076
       172        172       5793
       172        172       6338
       172        172       9484
       173        173       2564
       173        173       5793
       173        173       6395
       173        173       9994
       174        174       2076
       174        174       2564
       174        174       4785
       174        174       5016
       174        174       5793
       174        174       6338
       174        174       6395
       174        174       9484
       174        174       9994
       175        175       2076
       175        175       2564
       175        175       5793
       175        175       9484
       176        176       2076
       176        176       2564
       176        176       5793
       176        176       6395
       176        176       9484
       176        176       9994
       177        177       2076
       177        177       2564
       177        177       5016
       177        177       5793
       177        177       6395
       177        177       9484
       177        177       9994
       178        178       2076
       178        178       2564
       178        178       5793
       178        178       6395
       178        178       9484
       178        178       9994
       179        179       2076
       179        179       2564
       179        179       5016
       179        179       5793
       179        179       6395
       179        179       9484
       179        179       9994
       180        180       2564
       180        180       5793
       180        180       6395
       181        181       2076
       181        181       2564
       181        181       4785
       181        181       5793
       181        181       6338
       181        181       6395
       181        181       9484
       182        182       2076
       182        182       2564
       182        182       5793
       182        182       6395
       182        182       9484
       182        182       9994
       183        183       2076
       183        183       2564
       183        183       5793
       183        183       6395
       183        183       9484
       183        183       9994
       184        184       2076
       184        184       2564
       184        184       5016
       184        184       5793
       184        184       6395
       184        184       9484
       184        184       9994
       185        185       2076
       185        185       5016
       185        185       5793
       185        185       6395
       185        185       9484
       186        186       2076
       186        186       2564
       186        186       5793
       186        186       6395
       186        186       9484
       186        186       9994
       187        187       2076
       187        187       2564
       187        187       5016
       187        187       5793
       187        187       6395
       187        187       9484
       187        187       9994
       188        188       2076
       188        188       4785
       188        188       5016
       188        188       6338
       188        188       9484
       188        188       9994
       189        189       4785
       189        189       6338
       190        190       2564
       190        190       5793
       190        190       6395
       190        190       9994
       191        191       2076
       191        191       2564
       191        191       5793
       191        191       6395
       191        191       9484
       191        191       9994
       192        192       2564
       192        192       5016
       192        192       5793
       192        192       6395
       192        192       9994
       193        193       4785
       193        193       5016
       193        193       6338
       194        194       2076
       194        194       4785
       194        194       5793
       194        194       9484
       195        195       2564
       195        195       5793
       195        195       6395
       196        196       2564
       196        196       5793
       196        196       6395
       196        196       9994
       197        197       2076
       197        197       5016
       197        197       5793
       197        197       9484
       198        198       2076
       198        198       2564
       198        198       5793
       198        198       6395
       198        198       9484
       198        198       9994
       199        199       5016
       200        200       2076
       200        200       2564
       200        200       5793
       200        200       6395
       200        200       9484
       201        201       2076
       201        201       2564
       201        201       6395
       201        201       9484
       201        201       9994
       202        202       2076
       202        202       4785
       202        202       5793
       202        202       6338
       202        202       9484
       203        203       2076
       203        203       2564
       203        203       5793
       203        203       6395
       203        203       9484
       203        203       9994
       204        204       2076
       204        204       5793
       204        204       6338
       204        204       9484
       205        205       2076
       205        205       2564
       205        205       5016
       205        205       5793
       205        205       6395
       205        205       9484
       205        205       9994
       206        206       2076
       206        206       2564
       206        206       6395
       206        206       9484
       207        207       2076
       207        207       2564
       207        207       5793
       207        207       9484
       208        208       2076
       208        208       5793
       208        208       9484
       209        209       2564
       209        209       5793
       209        209       6395
       209        209       9994
       210        210       2076
       210        210       2564
       210        210       5793
       210        210       9484
       210        210       9994
       211        211       2076
       212        212       2076
       212        212       5016
       212        212       9994
       213        213       2564
       213        213       5793
       213        213       6395
       214        214       2076
       214        214       2564
       214        214       5016
       214        214       5793
       214        214       6395
       214        214       9994
       215        215       2076
       215        215       6395
       215        215       9484
       215        215       9994
       216        216       2076
       216        216       2564
       216        216       5793
       216        216       6395
       216        216       9484
       216        216       9994
       217        217       2076
       217        217       5016
       217        217       5793
       217        217       6395
       217        217       9484
       218        218       2076
       218        218       2564
       218        218       5016
       218        218       5793
       218        218       6395
       218        218       9484
       218        218       9994
       219        219       2076
       219        219       2564
       219        219       5793
       219        219       6395
       219        219       9484
       219        219       9994
       220        220       2076
       220        220       5016
       220        220       5793
       220        220       6338
       220        220       9484
       221        221       2076
       221        221       2564
       221        221       5793
       221        221       6395
       221        221       9484
       221        221       9994
       222        222       5016
       222        222       9484
       223        223       2076
       223        223       2564
       223        223       5793
       223        223       9484
       223        223       9994
       224        224       2076
       224        224       2564
       224        224       5016
       224        224       5793
       224        224       6395
       224        224       9484
       224        224       9994
       225        225       2076
       225        225       5793
       225        225       9484
       226        226       2076
       226        226       2564
       226        226       5793
       226        226       6395
       226        226       9484
       227        227       5793
       227        227       6395
       227        227       9994
       228        228       2076
       228        228       9484
       229        229       2076
       229        229       5793
       229        229       9484
       230        230       2076
       230        230       5793
       230        230       6395
       230        230       9484
       230        230       9994
       231        231       2076
       231        231       2564
       231        231       5016
       231        231       5793
       231        231       6338
       231        231       9484
       232        232       2564
       232        232       4785
       232        232       5793
       232        232       6338
       232        232       6395
       232        232       9994
       233        233       2564
       233        233       5793
       233        233       6395
       233        233       9484
       233        233       9994
       234        234       2076
       234        234       2564
       234        234       5793
       234        234       6395
       234        234       9484
       234        234       9994
       235        235       2564
       235        235       5016
       235        235       5793
       235        235       6395
       235        235       9994
       236        236       2076
       236        236       2564
       236        236       5016
       236        236       5793
       236        236       6395
       236        236       9484
       236        236       9994
       237        237       2076
       237        237       2564
       237        237       5016
       237        237       5793
       237        237       6395
       237        237       9484
       237        237       9994
       238        238       2076
       238        238       5016
       238        238       5793
       238        238       9484
       239        239       5016
       239        239       5793
       240        240       2076
       240        240       2564
       240        240       5016
       240        240       5793
       240        240       6395
       240        240       9484
       240        240       9994
       241        241       2076
       241        241       2564
       241        241       5016
       241        241       5793
       241        241       6395
       242        242       2076
       242        242       9484
       243        243       2076
       243        243       5793
       243        243       6395
       243        243       9484
       243        243       9994
       244        244       2076
       244        244       2564
       244        244       5016
       244        244       5793
       244        244       6395
       244        244       9484
       244        244       9994
       245        245       5016
       245        245       9484
       246        246       2076
       246        246       2564
       246        246       5793
       246        246       6395
       246        246       9484
       246        246       9994
       247        247       2076
       247        247       9484
       248        248       2076
       248        248       5016
       248        248       5793
       248        248       9484
       248        248       9994
       249        249       2564
       249        249       5793
       249        249       6395
       249        249       9484
       249        249       9994
       250        250       2564
       250        250       5016
       250        250       5793
       250        250       6395
       250        250       9484
       250        250       9994
       251        251       2076
       251        251       2564
       251        251       5016
       251        251       5793
       251        251       6395
       251        251       9484
       252        252       5793
       252        252       6338
       253        253       2076
       253        253       2564
       253        253       5793
       254        254       2076
       254        254       2564
       254        254       5016
       254        254       5793
       254        254       6395
       254        254       9484
       254        254       9994
       255        255       2564
       255        255       5793
       255        255       6395
       255        255       9994
       256        256       2564
       256        256       5016
       256        256       5793
       256        256       6395
       256        256       9994
       257        257       2076
       257        257       4785
       257        257       5793
       257        257       6338
       257        257       9484
       257        257       9994
       258        258       2564
       258        258       6395
       258        258       9994
       259        259       2076
       259        259       2564
       259        259       5793
       259        259       6395
       259        259       9484
       259        259       9994
       260        260       2076
       260        260       9484
       261        261       2076
       261        261       2564
       261        261       5016
       261        261       5793
       261        261       6395
       261        261       9484
       261        261       9994
       262        262       2564
       262        262       5793
       262        262       6395
       262        262       9994
       263        263       2076
       263        263       9484
       264        264       2076
       264        264       5016
       264        264       6395
       264        264       9484
       264        264       9994
       265        265       2076
       265        265       2564
       265        265       4785
       265        265       5793
       265        265       6338
       266        266       2564
       266        266       5793
       266        266       6395
       266        266       9994
       267        267       2076
       267        267       2564
       267        267       5793
       267        267       6395
       267        267       9484
       267        267       9994
       268        268       2076
       268        268       4785
       268        268       6338
       268        268       9484
       269        269       2076
       269        269       2564
       269        269       5016
       269        269       5793
       269        269       6338
       269        269       6395
       269        269       9484
       270        270       2076
       270        270       5016
       270        270       9484
       271        271       2076
       271        271       2564
       271        271       5016
       271        271       5793
       271        271       9484
       272        272       2076
       272        272       2564
       272        272       5016
       272        272       5793
       272        272       6395
       272        272       9484
       272        272       9994
       273        273       2076
       273        273       4785
       273        273       6338
       273        273       9484
       274        274       2076
       274        274       2564
       274        274       5793
       274        274       9484
       274        274       9994
       275        275       2076
       275        275       2564
       275        275       5793
       275        275       6395
       275        275       9484
       275        275       9994
       276        276       2076
       276        276       2564
       276        276       5793
       276        276       6395
       276        276       9484
       277        277       2076
       277        277       4785
       277        277       5016
       277        277       5793
       277        277       9484
       278        278       2564
       278        278       5016
       278        278       5793
       278        278       6395
       278        278       9994
       279        279       2076
       279        279       5016
       279        279       5793
       279        279       9484
       280        280       2076
       280        280       5793
       280        280       9484
       281        281       2564
       281        281       5793
       281        281       6395
       281        281       9994
       282        282       2076
       282        282       4785
       282        282       5016
       282        282       5793
       282        282       6338
       283        283       2076
       283        283       2564
       283        283       5016
       283        283       5793
       283        283       6395
       283        283       9484
       283        283       9994
       284        284       2076
       284        284       5016
       284        284       5793
       285        285       2076
       285        285       4785
       285        285       5016
       285        285       9484
       286        286       2076
       286        286       5793
       286        286       9484
       287        287       2076
       287        287       2564
       287        287       5793
       287        287       9484
       287        287       9994
       288        288       2564
       288        288       5016
       288        288       5793
       288        288       9994
       289        289       2564
       289        289       5016
       289        289       5793
       289        289       6395
       289        289       9994
       290        290       5793
       290        290       6395
       290        290       9994
       291        291       2076
       291        291       2564
       291        291       5016
       291        291       5793
       291        291       9484
       292        292       2076
       292        292       9484
       293        293       2076
       293        293       2564
       293        293       5793
       293        293       6395
       293        293       9484
       293        293       9994
       294        294       2076
       294        294       2564
       294        294       5793
       294        294       6395
       294        294       9484
       294        294       9994
       295        295       4785
       295        295       5793
       296        296       2076
       296        296       2564
       296        296       5016
       296        296       6395
       296        296       9484
       297        297       2076
       298        298       2076
       298        298       4785
       298        298       6338
       298        298       9484
       299        299       2076
       299        299       2564
       299        299       5793
       299        299       6338
       299        299       9484
       299        299       9994
       300        300       2076
       300        300       5016
       300        300       5793
       300        300       9484
       301        301       2076
       301        301       6395
       301        301       9484
       302        302       2076
       302        302       2564
       302        302       5793
       302        302       9484
       302        302       9994
       303        303       2076
       303        303       2564
       303        303       5016
       303        303       5793
       303        303       9484
       304        304       2076
       304        304       5016
       304        304       5793
       304        304       6395
       304        304       9484
       304        304       9994
       305        305       2076
       305        305       5016
       305        305       5793
       305        305       9484
       306        306       2076
       306        306       2564
       306        306       5016
       306        306       5793
       306        306       9484
       306        306       9994
       307        307       2076
       307        307       2564
       307        307       5016
       307        307       5793
       307        307       6395
       307        307       9484
       307        307       9994
       308        308       2076
       308        308       2564
       308        308       5016
       308        308       5793
       308        308       9994
       309        309       2076
       309        309       2564
       309        309       5016
       309        309       5793
       309        309       6395
       309        309       9484
       309        309       9994
       310        310       2564
       310        310       5793
       310        310       6395
       310        310       9994
       311        311       2076
       311        311       2564
       311        311       5793
       311        311       6395
       311        311       9484
       312        312       2076
       312        312       9484
       313        313       2076
       313        313       5016
       313        313       5793
       313        313       9484
       313        313       9994
       314        314       2076
       314        314       4785
       314        314       9484
       315        315       2076
       315        315       2564
       315        315       4785
       315        315       5793
       315        315       6338
       315        315       6395
       315        315       9484
       315        315       9994
       316        316       2564
       316        316       5793
       316        316       6395
       316        316       9994
       317        317       2076
       317        317       2564
       317        317       5793
       317        317       6395
       317        317       9994
       318        318       5016
       318        318       5793
       319        319       2564
       319        319       5016
       319        319       5793
       319        319       6338
       319        319       6395
       319        319       9994
       320        320       2076
       320        320       2564
       320        320       5793
       320        320       6395
       320        320       9484
       320        320       9994
       321        321       2076
       321        321       5016
       321        321       5793
       321        321       6395
       321        321       9484
       321        321       9994
       322        322       5793
       323        323       2076
       323        323       9484
       324        324       2076
       324        324       2564
       324        324       5793
       324        324       6395
       324        324       9484
       325        325       2564
       325        325       5016
       325        325       5793
       325        325       6395
       325        325       9994
       326        326       2076
       326        326       5016
       326        326       5793
       326        326       6395
       326        326       9484
       327        327       2076
       327        327       2564
       327        327       5016
       327        327       5793
       327        327       6395
       327        327       9484
       327        327       9994
       328        328       2076
       328        328       2564
       328        328       5793
       328        328       6395
       328        328       9484
       328        328       9994
       329        329       2076
       329        329       2564
       329        329       5016
       329        329       5793
       329        329       6395
       329        329       9484
       329        329       9994
       330        330       2564
       330        330       5793
       330        330       9994
       331        331       2076
       331        331       5016
       331        331       9484
       332        332       2076
       332        332       2564
       332        332       5016
       332        332       5793
       332        332       6395
       332        332       9484
       332        332       9994
       333        333       2076
       333        333       2564
       333        333       5016
       333        333       5793
       333        333       6395
       333        333       9484
       333        333       9994
       334        334       2564
       334        334       5016
       334        334       5793
       334        334       6395
       334        334       9484
       334        334       9994
       335        335       2076
       335        335       2564
       335        335       5793
       335        335       6395
       335        335       9484
       335        335       9994
       336        336       2076
       336        336       2564
       336        336       5016
       336        336       5793
       336        336       6395
       336        336       9484
       336        336       9994
       337        337       2564
       337        337       5793
       337        337       6395
       337        337       9484
       337        337       9994
       338        338       2076
       338        338       5793
       338        338       6395
       338        338       9484
       339        339       2076
       339        339       2564
       339        339       5793
       339        339       6395
       339        339       9484
       340        340       2564
       340        340       5793
       340        340       6395
       340        340       9994
       341        341       2076
       341        341       2564
       341        341       5793
       341        341       6338
       341        341       6395
       341        341       9994
       342        342       2076
       342        342       2564
       342        342       5016
       342        342       5793
       342        342       6395
       342        342       9484
       342        342       9994
       343        343       2076
       343        343       5793
       343        343       6395
       343        343       9484
       343        343       9994
       344        344       2076
       344        344       2564
       344        344       5016
       344        344       5793
       344        344       6395
       344        344       9484
       344        344       9994
       345        345       2076
       345        345       2564
       345        345       5793
       345        345       6395
       345        345       9994
       346        346       2076
       346        346       4785
       346        346       5016
       346        346       5793
       346        346       6338
       346        346       9484
       347        347       2076
       347        347       6395
       347        347       9484
       348        348       2076
       348        348       9484
       349        349       2076
       349        349       2564
       349        349       5793
       349        349       9484
       349        349       9994
       350        350       2564
       350        350       5793
       350        350       9994
       351        351       2564
       351        351       4785
       351        351       5793
       351        351       6338
       351        351       6395
       351        351       9994
       352        352       2076
       352        352       2564
       352        352       5016
       352        352       5793
       352        352       6395
       352        352       9484
       353        353       2076
       353        353       9484
       354        354       2076
       354        354       2564
       354        354       5793
       354        354       6395
       354        354       9484
       354        354       9994
       355        355       2076
       355        355       5793
       355        355       9484
       356        356       2564
       356        356       5793
       357        357       2076
       357        357       2564
       357        357       5793
       357        357       6395
       357        357       9484
       357        357       9994
       358        358       2076
       358        358       9484
       359        359       2076
       359        359       5016
       359        359       5793
       359        359       9484
       360        360       2076
       360        360       2564
       360        360       5016
       360        360       5793
       360        360       6395
       361        361       2076
       361        361       4785
       361        361       5016
       361        361       6338
       361        361       9484
       362        362       2076
       362        362       5016
       362        362       9484
       363        363       2564
       363        363       6395
       363        363       9994
       364        364       2076
       364        364       2564
       364        364       5016
       364        364       5793
       364        364       6395
       364        364       9484
       365        365       2564
       365        365       5793
       365        365       6395
       365        365       9484
       365        365       9994
       366        366       2076
       366        366       5016
       366        366       5793
       367        367       2564
       367        367       6395
       367        367       9994
       368        368       2564
       368        368       4785
       368        368       5793
       368        368       6395
       368        368       9994
       369        369       2076
       369        369       2564
       369        369       5016
       369        369       5793
       369        369       6395
       369        369       9484
       369        369       9994
       370        370       9484
       371        371       2076
       371        371       2564
       371        371       5793
       371        371       6395
       371        371       9484
       371        371       9994
       372        372       2076
       372        372       2564
       372        372       5016
       372        372       5793
       372        372       6395
       372        372       9484
       372        372       9994
       373        373       2076
       373        373       9484
       374        374       2564
       374        374       4785
       374        374       5016
       374        374       5793
       374        374       6338
       374        374       9994
       375        375       2076
       375        375       2564
       375        375       5793
       375        375       6395
       375        375       9484
       375        375       9994
       376        376       2564
       376        376       5793
       376        376       6395
       377        377       2076
       377        377       2564
       377        377       5793
       377        377       6395
       377        377       9484
       377        377       9994
       378        378       2076
       378        378       2564
       378        378       5793
       378        378       6395
       378        378       9484
       378        378       9994
       379        379       2076
       379        379       2564
       379        379       5793
       379        379       9484
       380        380       2076
       380        380       2564
       380        380       5793
       380        380       6395
       380        380       9484
       380        380       9994
       381        381       2076
       381        381       5016
       381        381       5793
       381        381       9484
       382        382       2076
       382        382       2564
       382        382       5016
       382        382       9484
       383        383       2564
       383        383       5016
       383        383       5793
       383        383       6395
       383        383       9994
       384        384       2076
       384        384       2564
       384        384       5793
       384        384       6395
       384        384       9484
       384        384       9994
       385        385       2564
       385        385       4785
       385        385       5793
       385        385       6338
       385        385       6395
       385        385       9994
       386        386       2076
       386        386       2564
       386        386       5793
       386        386       9484
       386        386       9994
       387        387       2076
       387        387       5016
       387        387       9484
       388        388       2076
       388        388       5016
       388        388       5793
       388        388       9484
       389        389       2076
       389        389       2564
       389        389       5793
       389        389       9484
       390        390       2076
       390        390       5016
       390        390       9484
       391        391       2076
       391        391       4785
       391        391       5016
       391        391       5793
       391        391       6338
       391        391       6395
       391        391       9484
       391        391       9994
       392        392       2076
       392        392       2564
       392        392       5793
       392        392       6395
       392        392       9484
       392        392       9994
       393        393       2076
       393        393       2564
       393        393       5016
       393        393       5793
       393        393       9484
       393        393       9994
       394        394       2076
       394        394       2564
       394        394       5793
       394        394       9484
       395        395       2076
       395        395       5793
       395        395       9484
       396        396       2076
       396        396       4785
       396        396       5793
       396        396       6338
       396        396       9484
       397        397       2564
       397        397       5793
       397        397       6395
       397        397       9994
       398        398       2076
       398        398       5016
       398        398       5793
       398        398       6395
       398        398       9484
       398        398       9994
       399        399       2076
       399        399       2564
       399        399       5793
       399        399       6395
       399        399       9484
       399        399       9994
       400        400       2076
       400        400       9484
       401        401       2076
       401        401       2564
       401        401       5793
       401        401       6395
       401        401       9484
       401        401       9994
       402        402       2076
       402        402       4785
       402        402       5793
       402        402       6338
       402        402       9484
       402        402       9994
       403        403       2076
       403        403       6338
       403        403       9484
       404        404       2076
       404        404       9484
       405        405       5793
       405        405       6395
       405        405       9994
       406        406       2076
       406        406       5016
       406        406       5793
       406        406       9484
       407        407       2076
       407        407       2564
       407        407       5016
       407        407       5793
       407        407       6395
       407        407       9484
       407        407       9994
       408        408       5793
       409        409       5793
       409        409       6395
       409        409       9994
       410        410       2076
       410        410       2564
       410        410       5793
       410        410       6395
       410        410       9484
       410        410       9994
       411        411       2076
       411        411       2564
       411        411       4785
       411        411       9484
       411        411       9994
       412        412       2564
       412        412       5793
       412        412       6395
       412        412       9484
       412        412       9994
       413        413       2076
       413        413       5016
       413        413       6395
       413        413       9484
       413        413       9994
       414        414       2076
       414        414       5016
       414        414       5793
       414        414       6395
       414        414       9484
       414        414       9994
       415        415       2076
       415        415       5016
       415        415       5793
       415        415       9484
       416        416       2076
       416        416       2564
       416        416       5016
       416        416       5793
       416        416       6395
       416        416       9484
       416        416       9994
       417        417       2076
       417        417       2564
       417        417       5793
       417        417       6395
       417        417       9484
       418        418       2076
       418        418       2564
       418        418       5793
       418        418       6395
       418        418       9484
       418        418       9994
       419        419       2076
       419        419       2564
       419        419       4785
       419        419       6338
       419        419       6395
       419        419       9484
       420        420       2076
       420        420       5793
       420        420       9484
       421        421       2076
       421        421       5016
       421        421       5793
       421        421       9484
       422        422       2564
       422        422       4785
       422        422       5793
       422        422       6338
       422        422       6395
       422        422       9994
       423        423       2076
       423        423       2564
       423        423       5016
       423        423       5793
       423        423       6395
       423        423       9484
       423        423       9994
       424        424       2076
       424        424       5016
       424        424       5793
       424        424       9484
       425        425       5793
       425        425       6395
       425        425       9484
       425        425       9994
       426        426       2076
       426        426       5016
       426        426       6395
       426        426       9484
       426        426       9994
       427        427       2076
       427        427       2564
       427        427       5793
       427        427       9484
       428        428       2564
       428        428       5793
       429        429       2564
       429        429       5793
       429        429       6395
       429        429       9994
       430        430       2564
       430        430       5793
       430        430       6395
       430        430       9994
       431        431       2076
       431        431       5016
       431        431       9484
       432        432       2076
       432        432       4785
       432        432       5793
       432        432       6338
       432        432       9484
       433        433       2076
       433        433       4785
       433        433       5793
       433        433       6338
       433        433       6395
       433        433       9484
       433        433       9994
       434        434       2076
       434        434       5016
       434        434       9484
       435        435       5016
       436        436       2076
       436        436       9484
       437        437       2076
       437        437       2564
       437        437       5016
       437        437       5793
       437        437       6395
       437        437       9484
       437        437       9994
       438        438       2076
       438        438       2564
       438        438       4785
       438        438       5016
       438        438       5793
       438        438       6338
       438        438       6395
       438        438       9484
       438        438       9994
       439        439       2076
       439        439       2564
       439        439       5793
       439        439       6395
       439        439       9484
       439        439       9994
       440        440       2076
       440        440       9484
       441        441       2076
       441        441       9484
       442        442       2076
       442        442       2564
       442        442       5793
       442        442       6395
       442        442       9484
       442        442       9994
       443        443       2076
       443        443       2564
       443        443       5793
       443        443       6395
       443        443       9484
       443        443       9994
       444        444       2076
       444        444       2564
       444        444       9484
       444        444       9994
       445        445       4785
       445        445       5016
       445        445       5793
       445        445       6338
       445        445       6395
       445        445       9994
       446        446       2076
       446        446       2564
       446        446       5016
       446        446       5793
       446        446       6395
       446        446       9484
       446        446       9994
       447        447       2076
       447        447       2564
       447        447       5016
       447        447       5793
       447        447       6395
       447        447       9484
       448        448       2564
       448        448       6395
       448        448       9994
       449        449       2076
       449        449       2564
       449        449       5793
       449        449       6395
       449        449       9484
       450        450       5793
       450        450       9484
       451        451       2564
       451        451       5793
       451        451       6395
       451        451       9994
       452        452       6395
       452        452       9994
       453        453       2076
       453        453       2564
       453        453       5016
       453        453       5793
       453        453       6395
       453        453       9484
       453        453       9994
       454        454       2564
       454        454       5016
       454        454       5793
       454        454       9994
       455        455       2076
       455        455       2564
       455        455       5793
       455        455       6395
       455        455       9484
       455        455       9994
       456        456       2076
       456        456       5016
       456        456       9484
       457        457       2076
       457        457       4785
       457        457       5016
       457        457       5793
       457        457       6338
       457        457       6395
       457        457       9484
       457        457       9994
       458        458       2076
       458        458       2564
       458        458       4785
       458        458       5016
       458        458       5793
       458        458       6395
       458        458       9484
       458        458       9994
       459        459       2564
       459        459       5016
       459        459       5793
       459        459       6395
       459        459       9994
       460        460       2076
       460        460       5016
       460        460       9484
       461        461       2076
       461        461       5016
       461        461       9484
       462        462       2076
       462        462       2564
       462        462       5016
       462        462       5793
       462        462       9484
       463        463       2076
       463        463       2564
       463        463       5793
       463        463       6395
       463        463       9484
       463        463       9994
       464        464       2076
       464        464       4785
       464        464       6338
       464        464       9484
       465        465       2076
       465        465       2564
       465        465       5016
       465        465       5793
       465        465       6395
       465        465       9484
       466        466       2564
       466        466       5793
       466        466       6395
       466        466       9484
       467        467       2076
       467        467       5016
       467        467       5793
       467        467       6395
       467        467       9484
       468        468       2076
       468        468       5793
       468        468       9484
       469        469       2564
       469        469       5793
       469        469       6395
       469        469       9484
       469        469       9994
       470        470       2076
       470        470       4785
       470        470       5793
       470        470       6338
       470        470       9484
       471        471       2076
       471        471       2564
       471        471       9484
       472        472       2076
       472        472       2564
       472        472       5793
       472        472       6395
       472        472       9484
       473        473       2076
       473        473       4785
       473        473       5016
       473        473       6338
       473        473       9484
       474        474       2076
       474        474       5793
       474        474       6395
       474        474       9484
       474        474       9994
       475        475       2564
       475        475       5016
       475        475       5793
       475        475       6395
       475        475       9994
       476        476       2076
       476        476       2564
       476        476       5016
       476        476       6395
       476        476       9484
       476        476       9994
       477        477       2076
       477        477       9484
       478        478       2564
       478        478       5793
       478        478       6395
       478        478       9994
       479        479       2076
       479        479       5016
       479        479       5793
       479        479       6395
       479        479       9484
       479        479       9994
       480        480       2076
       480        480       2564
       480        480       5793
       480        480       6395
       480        480       9484
       480        480       9994
       481        481       2076
       481        481       2564
       481        481       5016
       481        481       5793
       481        481       6395
       481        481       9484
       481        481       9994
       482        482       2076
       482        482       2564
       482        482       5793
       482        482       6395
       482        482       9484
       482        482       9994
       483        483       2076
       483        483       2564
       483        483       5793
       483        483       6395
       483        483       9484
       484        484       2564
       484        484       5016
       484        484       5793
       484        484       6395
       485        485       2076
       485        485       5793
       485        485       6395
       485        485       9484
       485        485       9994
       486        486       2076
       486        486       9484
       487        487       5793
       487        487       6395
       487        487       9994
       488        488       2076
       488        488       2564
       488        488       5793
       488        488       6395
       488        488       9484
       488        488       9994
       489        489       2076
       489        489       2564
       489        489       5016
       489        489       5793
       489        489       6395
       489        489       9484
       489        489       9994
       490        490       2564
       490        490       4785
       490        490       5793
       490        490       6395
       490        490       9994
       491        491       2564
       491        491       5016
       491        491       5793
       491        491       6395
       491        491       9994
       492        492       2076
       492        492       2564
       492        492       5793
       492        492       9484
       493        493       2076
       493        493       4785
       493        493       6338
       493        493       9484
       494        494       2076
       494        494       2564
       494        494       5793
       494        494       6395
       494        494       9484
       494        494       9994
       495        495       2076
       495        495       2564
       495        495       5793
       495        495       6395
       495        495       9484
       495        495       9994
       496        496       2076
       496        496       2564
       496        496       6395
       496        496       9484
       496        496       9994
       497        497       2076
       497        497       9484
       498        498       2076
       498        498       9484
       499        499       2564
       499        499       5793
       499        499       6395
       499        499       9994
       500        500       2564
       500        500       5793
       500        500       6395
       501        501       2076
       501        501       2564
       501        501       9484
       502        502       2564
       502        502       5793
       502        502       9994
