         1          1       1040
         1          1       2372
         1          1       2872
         1          1       3159
         1          1       4750
         2          2       1040
         2          2       1280
         2          2       2495
         2          2       2872
         2          2       3186
         2          2       4750
         2          2       4995
         3          3       1040
         3          3       2872
         3          3       4750
         4          4       1280
         4          4       2872
         4          4       3186
         4          4       4995
         5          5       1040
         5          5       1280
         5          5       2872
         5          5       3186
         5          5       4995
         6          6       1280
         6          6       3186
         6          6       4995
         7          7       1040
         7          7       1280
         7          7       2872
         7          7       3186
         7          7       4750
         7          7       4995
         8          8       1040
         8          8       1280
         8          8       2495
         8          8       2872
         8          8       3186
         8          8       4750
         8          8       4995
         9          9       1040
         9          9       1280
         9          9       2495
         9          9       2872
         9          9       3186
         9          9       4750
         9          9       4995
        10         10       1040
        10         10       2872
        10         10       3186
        10         10       4750
        10         10       4995
        11         11       1040
        11         11       2495
        11         11       4750
        12         12       1040
        12         12       1280
        12         12       2872
        12         12       3186
        12         12       4750
        12         12       4995
        13         13       1040
        13         13       1280
        13         13       2872
        13         13       3186
        13         13       4750
        13         13       4995
        14         14       1040
        14         14       1280
        14         14       2872
        14         14       4750
        14         14       4995
        15         15       1040
        15         15       2372
        15         15       2495
        15         15       3159
        15         15       4750
        16         16       1280
        16         16       2872
        16         16       3186
        16         16       4995
        17         17       1040
        17         17       4750
        18         18       1280
        18         18       2872
        18         18       3186
        18         18       4995
        19         19       1040
        19         19       1280
        19         19       2495
        19         19       2872
        19         19       4750
        20         20       1040
        20         20       1280
        20         20       2372
        20         20       2872
        20         20       3186
        20         20       4995
        21         21       1280
        21         21       2872
        21         21       3186
        21         21       4750
        21         21       4995
        22         22       1040
        22         22       2872
        22         22       4750
        23         23       1040
        23         23       2872
        23         23       4750
        24         24       1280
        24         24       2872
        24         24       3186
        24         24       4750
        24         24       4995
        25         25       1040
        25         25       2495
        25         25       4750
        26         26       1040
        26         26       1280
        26         26       2872
        26         26       3186
        26         26       4750
        26         26       4995
        27         27       2372
        27         27       3159
        28         28       1040
        28         28       1280
        28         28       2872
        28         28       3186
        28         28       4750
        28         28       4995
        29         29       1040
        29         29       1280
        29         29       2372
        29         29       2495
        29         29       2872
        29         29       3159
        29         29       3186
        29         29       4750
        29         29       4995
        30         30       1040
        30         30       2495
        30         30       2872
        30         30       4750
        31         31       1280
        31         31       2495
        31         31       2872
        31         31       3186
        31         31       4995
        32         32       1040
        32         32       4750
        33         33       1040
        33         33       2872
        33         33       3186
        33         33       4750
        33         33       4995
        34         34       1040
        34         34       1280
        34         34       2872
        34         34       4750
        34         34       4995
        35         35       1280
        35         35       2872
        35         35       3186
        35         35       4750
        35         35       4995
        36         36       1040
        36         36       1280
        36         36       2495
        36         36       2872
        36         36       3186
        36         36       4750
        36         36       4995
        37         37       1280
        37         37       2872
        37         37       3186
        37         37       4995
        38         38       1040
        38         38       1280
        38         38       2872
        38         38       3186
        38         38       4750
        38         38       4995
        39         39       1280
        39         39       2872
        39         39       3186
        39         39       4995
        40         40       1040
        40         40       2495
        40         40       2872
        40         40       4750
        41         41       1040
        41         41       1280
        41         41       2495
        41         41       2872
        41         41       3186
        41         41       4750
        41         41       4995
        42         42       1040
        42         42       1280
        42         42       2495
        42         42       2872
        42         42       3186
        42         42       4750
        42         42       4995
        43         43       1040
        43         43       1280
        43         43       2495
        43         43       2872
        43         43       4750
        43         43       4995
        44         44       1040
        44         44       1280
        44         44       3186
        44         44       4750
        44         44       4995
        45         45       1040
        45         45       1280
        45         45       2372
        45         45       2495
        45         45       2872
        45         45       3186
        45         45       4750
        45         45       4995
        46         46       1280
        46         46       2872
        46         46       3186
        46         46       4995
        47         47       1040
        47         47       2872
        47         47       4750
        48         48       1040
        48         48       1280
        48         48       2495
        48         48       2872
        48         48       3186
        48         48       4750
        48         48       4995
        49         49       1040
        49         49       1280
        49         49       2872
        49         49       4750
        50         50       1040
        50         50       2495
        50         50       2872
        50         50       4750
        51         51       1280
        51         51       2495
        51         51       2872
        51         51       3186
        51         51       4995
        52         52       1040
        52         52       1280
        52         52       2495
        52         52       2872
        52         52       4750
        52         52       4995
        53         53       1280
        53         53       2872
        53         53       3186
        53         53       4995
        54         54       1040
        54         54       2495
        54         54       4750
        55         55       1040
        55         55       2372
        55         55       2872
        55         55       3159
        55         55       4750
        56         56       1280
        56         56       2872
        56         56       3186
        56         56       4995
        57         57       1280
        57         57       2495
        57         57       3186
        57         57       4995
        58         58       1040
        58         58       2872
        58         58       4750
        59         59       1040
        59         59       2872
        59         59       4750
        60         60       1040
        60         60       1280
        60         60       2495
        60         60       2872
        60         60       3186
        60         60       4750
        60         60       4995
        61         61       2495
        61         61       2872
        61         61       4750
        62         62       1040
        62         62       2372
        62         62       2872
        62         62       3159
        62         62       4750
        63         63       1040
        63         63       2495
        63         63       2872
        63         63       4750
        64         64       1280
        64         64       2872
        64         64       3186
        64         64       4995
        65         65       1280
        65         65       2495
        65         65       2872
        65         65       3186
        65         65       4995
        66         66       2495
        66         66       2872
        67         67       1280
        67         67       2872
        67         67       4995
        68         68       2872
        68         68       3186
        68         68       4995
        69         69       1040
        69         69       2372
        69         69       4750
        70         70       1280
        70         70       2872
        70         70       3186
        70         70       4995
        71         71       1040
        71         71       2372
        71         71       3159
        71         71       3186
        71         71       4750
        72         72       1280
        72         72       2872
        72         72       3186
        72         72       4995
        73         73       1040
        73         73       2372
        73         73       2872
        73         73       4750
        74         74       1040
        74         74       2495
        74         74       2872
        74         74       4750
        75         75       1280
        75         75       2872
        75         75       3186
        75         75       4995
        76         76       1040
        76         76       2495
        76         76       4750
        77         77       2495
        78         78       1040
        78         78       1280
        78         78       2495
        78         78       2872
        78         78       4750
        78         78       4995
        79         79       1040
        79         79       2872
        79         79       4750
        80         80       1040
        80         80       2495
        80         80       4750
        81         81       1040
        81         81       4750
        82         82       2872
        82         82       3186
        82         82       4995
        83         83       1040
        83         83       2872
        83         83       4750
        84         84       1280
        84         84       2872
        84         84       3186
        84         84       4995
        85         85       1040
        85         85       1280
        85         85       2872
        85         85       3186
        85         85       4750
        85         85       4995
        86         86       2495
        86         86       2872
        87         87       1280
        87         87       2872
        87         87       3186
        88         88       1280
        88         88       2872
        88         88       3186
        88         88       4995
        89         89       1040
        89         89       2372
        89         89       2872
        89         89       3159
        90         90       1040
        90         90       1280
        90         90       2495
        90         90       2872
        90         90       3186
        90         90       4750
        91         91       1040
        91         91       1280
        91         91       2872
        91         91       3186
        91         91       4750
        91         91       4995
        92         92       1040
        92         92       1280
        92         92       2495
        92         92       2872
        92         92       3186
        92         92       4750
        92         92       4995
        93         93       1040
        93         93       1280
        93         93       2372
        93         93       2872
        93         93       3159
        93         93       3186
        93         93       4750
        93         93       4995
        94         94       1280
        94         94       2495
        94         94       2872
        94         94       3186
        94         94       4995
        95         95       1040
        95         95       1280
        95         95       2872
        95         95       4750
        95         95       4995
        96         96       1040
        96         96       2372
        96         96       2495
        96         96       3159
        96         96       4750
        97         97       1280
        97         97       2872
        97         97       3186
        97         97       4995
        98         98       1040
        98         98       1280
        98         98       2495
        98         98       2872
        98         98       3159
        98         98       3186
        98         98       4750
        98         98       4995
        99         99       1040
        99         99       2495
        99         99       2872
        99         99       4750
        99         99       4995
       100        100       1040
       100        100       1280
       100        100       2872
       100        100       3186
       100        100       4750
       100        100       4995
       101        101       1040
       101        101       1280
       101        101       2872
       101        101       3186
       101        101       4750
       102        102       1040
       102        102       4750
       103        103       1040
       103        103       1280
       103        103       2495
       103        103       2872
       103        103       3186
       103        103       4750
       103        103       4995
       104        104       1040
       104        104       1280
       104        104       2495
       104        104       2872
       104        104       3186
       104        104       4750
       105        105       1040
       105        105       2495
       105        105       2872
       105        105       3186
       105        105       4750
       106        106       1040
       106        106       1280
       106        106       2872
       106        106       3186
       106        106       4750
       106        106       4995
       107        107       1040
       107        107       1280
       107        107       2872
       107        107       3186
       107        107       4995
       108        108       1040
       108        108       1280
       108        108       2872
       108        108       3186
       108        108       4750
       109        109       1040
       109        109       1280
       109        109       2872
       109        109       4750
       109        109       4995
       110        110       1040
       110        110       4750
       111        111       1280
       111        111       3186
       111        111       4995
       112        112       1040
       112        112       1280
       112        112       2872
       112        112       3159
       112        112       3186
       112        112       4750
       112        112       4995
       113        113       1040
       113        113       1280
       113        113       2872
       113        113       3186
       113        113       4750
       113        113       4995
       114        114       1040
       114        114       1280
       114        114       2495
       114        114       2872
       114        114       3186
       114        114       4750
       114        114       4995
       115        115       1040
       115        115       1280
       115        115       2372
       115        115       2495
       115        115       2872
       115        115       3159
       115        115       3186
       115        115       4750
       116        116       1040
       116        116       1280
       116        116       2872
       116        116       3186
       116        116       4750
       116        116       4995
       117        117       1040
       117        117       4750
       118        118       1040
       118        118       1280
       118        118       2495
       118        118       2872
       118        118       4750
       118        118       4995
       119        119       1280
       119        119       2872
       119        119       3186
       120        120       1040
       120        120       1280
       120        120       2872
       120        120       3186
       120        120       4750
       120        120       4995
       121        121       1040
       121        121       1280
       121        121       2872
       121        121       3186
       121        121       4750
       121        121       4995
       122        122       1040
       122        122       2872
       122        122       4750
       123        123       1040
       123        123       1280
       123        123       2872
       123        123       3186
       123        123       4750
       123        123       4995
       124        124       1040
       124        124       1280
       124        124       2495
       124        124       2872
       124        124       3186
       124        124       4750
       125        125       1280
       125        125       2872
       125        125       3186
       125        125       4995
       126        126       1040
       126        126       1280
       126        126       2872
       126        126       3186
       126        126       4750
       126        126       4995
       127        127       1280
       127        127       2872
       127        127       3186
       127        127       4750
       127        127       4995
       128        128       1040
       128        128       1280
       128        128       2872
       128        128       3186
       128        128       4750
       128        128       4995
       129        129       1040
       129        129       1280
       129        129       2495
       129        129       2872
       129        129       3186
       129        129       4750
       130        130       1040
       130        130       1280
       130        130       3186
       130        130       4750
       130        130       4995
       131        131       1040
       131        131       1280
       131        131       2872
       131        131       3186
       131        131       4750
       131        131       4995
       132        132       1040
       132        132       1280
       132        132       2872
       132        132       4750
       132        132       4995
       133        133       1280
       133        133       2872
       133        133       3186
       134        134       1040
       134        134       2495
       134        134       2872
       134        134       4750
       135        135       1280
       135        135       2872
       135        135       3186
       135        135       4995
       136        136       1040
       136        136       1280
       136        136       2495
       136        136       2872
       136        136       3186
       136        136       4750
       136        136       4995
       137        137       1040
       137        137       2872
       137        137       4750
       138        138       4995
       139        139       1040
       139        139       4750
       140        140       1040
       140        140       1280
       140        140       2872
       140        140       3186
       140        140       4750
       141        141       1040
       141        141       1280
       141        141       2872
       141        141       3186
       141        141       4750
       141        141       4995
       142        142       1280
       142        142       2872
       142        142       3186
       143        143       1280
       143        143       2872
       143        143       3186
       143        143       4995
       144        144       1040
       144        144       2372
       144        144       2872
       144        144       3159
       144        144       3186
       144        144       4750
       144        144       4995
       145        145       1040
       145        145       1280
       145        145       2872
       145        145       3186
       145        145       4750
       146        146       1040
       146        146       2495
       146        146       2872
       146        146       4750
       147        147       1040
       147        147       1280
       147        147       2872
       147        147       3186
       147        147       4750
       147        147       4995
       148        148       1040
       148        148       2495
       148        148       4750
       148        148       4995
       149        149       1040
       149        149       1280
       149        149       2872
       149        149       3186
       149        149       4750
       150        150       1040
       150        150       1280
       150        150       2872
       150        150       3186
       150        150       4750
       150        150       4995
       151        151       1040
       151        151       2495
       151        151       2872
       151        151       4750
       152        152       1040
       152        152       2372
       152        152       2872
       152        152       3159
       152        152       4750
       153        153       1280
       153        153       2872
       153        153       3186
       153        153       4995
       154        154       1040
       154        154       1280
       154        154       2872
       154        154       3186
       154        154       4750
       154        154       4995
       155        155       1280
       155        155       2872
       156        156       1040
       156        156       1280
       156        156       2495
       156        156       2872
       156        156       3186
       156        156       4750
       156        156       4995
       157        157       1040
       157        157       1280
       157        157       3186
       157        157       4750
       157        157       4995
       158        158       1040
       158        158       2372
       158        158       2495
       158        158       3159
       158        158       4750
       159        159       1040
       159        159       2495
       159        159       2872
       159        159       4750
       160        160       1280
       160        160       2872
       160        160       3159
       160        160       3186
       160        160       4995
       161        161       1280
       161        161       2872
       161        161       3186
       161        161       4995
       162        162       1040
       162        162       1280
       162        162       2495
       162        162       2872
       162        162       3186
       162        162       4750
       163        163       1040
       163        163       2495
       163        163       2872
       163        163       4750
       164        164       1040
       164        164       1280
       164        164       2495
       164        164       2872
       164        164       3186
       164        164       4750
       164        164       4995
       165        165       1040
       165        165       2872
       165        165       3186
       165        165       4750
       165        165       4995
       166        166       1280
       166        166       2872
       166        166       3186
       167        167       1040
       167        167       1280
       167        167       2495
       167        167       2872
       167        167       3186
       167        167       4995
       168        168       1040
       168        168       2872
       168        168       4750
       169        169       1040
       169        169       1280
       169        169       2372
       169        169       2495
       169        169       2872
       169        169       3159
       169        169       3186
       169        169       4750
       169        169       4995
       170        170       1040
       170        170       1280
       170        170       2872
       170        170       3186
       170        170       4750
       170        170       4995
       171        171       1040
       171        171       2495
       171        171       2872
       171        171       4750
       172        172       1040
       172        172       1280
       172        172       2372
       172        172       2495
       172        172       2872
       172        172       3159
       172        172       3186
       172        172       4750
       172        172       4995
       173        173       1040
       173        173       1280
       173        173       2495
       173        173       2872
       173        173       3186
       173        173       4995
       174        174       1040
       174        174       1280
       174        174       2372
       174        174       2495
       174        174       2872
       174        174       3186
       174        174       4750
       174        174       4995
       175        175       1280
       175        175       3186
       175        175       4995
       176        176       1040
       176        176       2495
       176        176       2872
       176        176       4750
       177        177       1040
       177        177       1280
       177        177       2495
       177        177       2872
       177        177       4750
       178        178       1040
       178        178       4750
       179        179       1040
       179        179       1280
       179        179       2872
       179        179       3186
       179        179       4750
       179        179       4995
       180        180       1040
       180        180       1280
       180        180       2872
       180        180       3186
       180        180       4750
       181        181       1040
       181        181       1280
       181        181       2872
       181        181       4750
       181        181       4995
       182        182       1040
       182        182       1280
       182        182       2372
       182        182       2872
       182        182       3159
       182        182       3186
       182        182       4750
       182        182       4995
       183        183       1040
       183        183       1280
       183        183       2872
       183        183       3186
       183        183       4750
       183        183       4995
       184        184       1040
       184        184       2495
       184        184       2872
       184        184       4750
       185        185       2872
       186        186       1040
       186        186       1280
       186        186       2495
       186        186       2872
       186        186       3186
       186        186       4750
       186        186       4995
       187        187       1280
       187        187       2872
       187        187       3186
       187        187       4750
       187        187       4995
       188        188       1040
       188        188       1280
       188        188       3186
       188        188       4750
       188        188       4995
       189        189       1040
       189        189       1280
       189        189       2495
       189        189       2872
       189        189       3186
       189        189       4995
       190        190       1040
       190        190       1280
       190        190       2495
       190        190       2872
       191        191       1040
       191        191       2872
       192        192       1040
       192        192       1280
       192        192       2495
       192        192       2872
       192        192       3186
       192        192       4750
       192        192       4995
       193        193       1040
       193        193       1280
       193        193       2872
       193        193       3186
       193        193       4750
       193        193       4995
       194        194       1040
       194        194       1280
       194        194       2872
       194        194       3186
       194        194       4750
       195        195       1040
       195        195       2372
       195        195       2495
       195        195       2872
       195        195       4750
       196        196       1040
       196        196       1280
       196        196       2495
       196        196       2872
       196        196       3186
       196        196       4750
       196        196       4995
       197        197       1040
       197        197       1280
       197        197       2495
       197        197       2872
       197        197       4750
       197        197       4995
       198        198       1040
       198        198       2495
       198        198       2872
       198        198       4750
       199        199       1040
       199        199       1280
       199        199       2495
       199        199       2872
       199        199       3186
       199        199       4750
       199        199       4995
       200        200       1280
       200        200       2872
       200        200       3186
       200        200       4995
       201        201       1040
       201        201       1280
       201        201       2872
       201        201       3186
       201        201       4750
       201        201       4995
       202        202       1040
       202        202       1280
       202        202       2495
       202        202       2872
       202        202       3186
       202        202       4750
       202        202       4995
       203        203       4750
       204        204       1280
       204        204       2872
       204        204       3186
       204        204       4995
       205        205       1040
       205        205       2495
       205        205       4750
       206        206       1040
       206        206       3159
       206        206       4750
       207        207       1040
       207        207       1280
       207        207       2872
       207        207       4750
       207        207       4995
       208        208       1040
       208        208       2495
       208        208       2872
       208        208       4750
       209        209       1040
       209        209       1280
       209        209       2372
       209        209       2495
       209        209       2872
       209        209       3159
       209        209       3186
       209        209       4750
       209        209       4995
       210        210       1040
       210        210       2372
       210        210       2495
       210        210       2872
       210        210       3159
       210        210       4750
       211        211       1040
       211        211       1280
       211        211       2372
       211        211       2872
       211        211       3159
       211        211       3186
       211        211       4750
       211        211       4995
       212        212       1040
       212        212       1280
       212        212       2372
       212        212       2495
       212        212       2872
       212        212       3159
       212        212       3186
       212        212       4750
       212        212       4995
       213        213       1040
       213        213       2372
       213        213       2872
       213        213       4750
       214        214       1040
       214        214       1280
       214        214       2872
       214        214       3186
       214        214       4750
       214        214       4995
       215        215       1040
       215        215       2872
       216        216       1040
       216        216       2872
       216        216       4750
       217        217       1280
       217        217       2872
       217        217       3186
       217        217       4995
       218        218       1040
       218        218       1280
       218        218       2372
       218        218       2872
       218        218       4750
       218        218       4995
       219        219       1040
       219        219       1280
       219        219       2495
       219        219       3186
       219        219       4750
       220        220       1040
       220        220       2872
       220        220       4750
       221        221       1280
       221        221       2872
       221        221       4995
       222        222       1040
       222        222       2495
       222        222       2872
       222        222       4750
       223        223       1040
       223        223       4750
       224        224       1040
       224        224       1280
       224        224       2872
       224        224       3186
       224        224       4750
       224        224       4995
       225        225       1040
       225        225       2372
       225        225       3159
       225        225       4750
       226        226       1040
       226        226       1280
       226        226       2872
       226        226       3186
       226        226       4750
       226        226       4995
       227        227       1040
       227        227       2495
       227        227       2872
       227        227       4750
       228        228       1040
       228        228       1280
       228        228       2872
       228        228       3186
       228        228       4750
       228        228       4995
       229        229       1040
       229        229       1280
       229        229       2495
       229        229       2872
       229        229       4750
       229        229       4995
       230        230       1040
       230        230       4750
       231        231       1280
       231        231       2872
       231        231       3186
       231        231       4995
       232        232       1040
       232        232       4750
       233        233       1040
       233        233       1280
       233        233       2495
       233        233       2872
       233        233       3186
       233        233       4750
       233        233       4995
       234        234       1040
       234        234       1280
       234        234       2872
       234        234       3186
       234        234       4750
       234        234       4995
       235        235       2872
       235        235       3186
       236        236       1280
       236        236       2872
       236        236       3186
       236        236       4995
       237        237       1040
       237        237       1280
       237        237       2872
       237        237       3159
       237        237       3186
       237        237       4750
       237        237       4995
       238        238       1040
       238        238       4750
       239        239       1040
       239        239       1280
       239        239       2872
       239        239       3186
       239        239       4750
       239        239       4995
       240        240       1040
       240        240       4750
       241        241       1280
       241        241       2872
       241        241       3186
       241        241       4995
       242        242       1040
       242        242       1280
       242        242       2872
       242        242       3186
       242        242       4750
       243        243       1040
       243        243       2372
       243        243       2495
       243        243       3159
       243        243       4750
       244        244       1040
       244        244       1280
       244        244       2872
       244        244       3186
       244        244       4750
       244        244       4995
       245        245       1040
       245        245       2495
       245        245       4750
       246        246       1280
       246        246       2872
       246        246       3186
       246        246       4995
       247        247       1040
       247        247       1280
       247        247       2372
       247        247       2495
       247        247       2872
       247        247       3159
       247        247       3186
       247        247       4750
       247        247       4995
       248        248       1040
       248        248       2495
       248        248       2872
       248        248       4750
       249        249       1280
       249        249       2495
       249        249       2872
       249        249       3186
       250        250       1040
       250        250       2372
       250        250       2495
       250        250       2872
       250        250       3159
       250        250       4750
       251        251       1040
       251        251       2495
       251        251       2872
       251        251       3186
       251        251       4750
       252        252       1040
       252        252       2495
       252        252       2872
       252        252       4750
       253        253       1040
       253        253       1280
       253        253       2872
       253        253       3186
       253        253       4750
       253        253       4995
       254        254       1040
       254        254       1280
       254        254       2872
       254        254       3186
       254        254       4750
       254        254       4995
       255        255       1280
       255        255       2872
       255        255       3186
       255        255       4995
       256        256       1280
       256        256       2872
       256        256       3186
       256        256       4995
       257        257       1040
       257        257       2372
       257        257       3159
       257        257       4750
       258        258       1040
       258        258       1280
       258        258       2872
       258        258       3186
       258        258       4750
       258        258       4995
       259        259       1040
       259        259       4750
       260        260       1280
       260        260       3186
       260        260       4995
       261        261       1280
       261        261       2872
       261        261       3186
       261        261       4995
       262        262       1040
       262        262       1280
       262        262       2872
       262        262       3186
       262        262       4750
       262        262       4995
       263        263       1280
       263        263       2872
       263        263       3186
       263        263       4995
       264        264       1040
       264        264       1280
       264        264       2372
       264        264       2495
       264        264       2872
       264        264       3159
       264        264       3186
       264        264       4750
       265        265       1280
       265        265       2872
       265        265       3186
       265        265       4995
       266        266       1040
       266        266       1280
       266        266       2495
       266        266       2872
       266        266       4750
       266        266       4995
       267        267       1040
       267        267       4750
       268        268       1040
       268        268       1280
       268        268       2495
       268        268       2872
       268        268       3186
       268        268       4750
       268        268       4995
       269        269       1280
       269        269       2872
       269        269       3186
       269        269       4995
       270        270       1040
       270        270       1280
       270        270       2372
       270        270       2872
       270        270       3159
       270        270       3186
       270        270       4750
       270        270       4995
       271        271       1040
       271        271       2495
       271        271       2872
       271        271       4750
       271        271       4995
       272        272       1280
       272        272       2872
       272        272       3186
       272        272       4995
       273        273       1040
       273        273       2872
       273        273       4750
       274        274       1040
       274        274       1280
