         1          1         8585
         1          1        948
         1          1       1125
         1          1       1289
         1          1       1544
         1          1       1651
         2          2        656
         2          2        783
         2          2       1017
         2          2       1273
         2          2       1318
         2          2       1429
         2          2       1516
         3          3        112
         3          3       1034
         4          4        647
         4          4        704
         4          4        929
         4          4       1040
         4          4       1094
         4          4       1182
         4          4       1194
         4          4       1214
         4          4       1250
         5          5         11
         5          5         89
         5          5        870
         5          5       1094
         5          5       1605
         5          5       1940