Number of transactions in database = 100000
Average transaction length = 8
Number of items = 10000
Large Itemsets:
	Number of patterns = 1000
	Average length of pattern = 4
	Correlation between consecutive patterns = 0.35
	Average confidence in a rule = 0.75
	Variation in the confidence = 0.1

Items:
553  5.94
571  5.11
592  6.69
709  5.26
1557  6.68
1664  6.6
1882  5.05
1971  5.56
2001  5.5
2021  5.42
2060  5.04
2095  5.03
2112  5.41
2227  7.66
2339  5
2445  5.37
2781  7.1
2964  5.19
3186  6.53
3572  5.61
3669  5.87
3931  5.02
3934  6.95
4050  6.8
4297  5.26
4750  9.54
4911  5.46
5148  5.69
5211  5.95
5682  7.07
5766  7.4
5793  5.05
5817  5.51
5832  5.3
6187  5.68
6438  5.27
6774  5.93
7222  7.84
7358  5.34
7403  5.43
7558  5
7799  6.13
7847  5.73
7901  6.36
8370  5.3
8851  6.21
8852  6.31
9464  5.19
9616  5.61
9723  6.38
9725  7.3
9800  5.66
9996  7.95

ItemSets:
  1.32  0.629  5016
  1.23  0.628  6395 9484 2076 4641 2572
   3.5    0.8  532 9573 3921 7029 5185 4512
  1.08  0.874  4455 8138 7881 6311
  1.17  0.895  8484 656 2025 7274
  1.08  0.749  1269
  1.72  0.976  6633 4750 3942 6737 7732
  4.07  0.843  8955 3249
  1.35  0.797  8955
  1.41  0.459  8955 4185 5682 3296 6111 3460
  1.91  0.659  3460 3143 182 2773 2176 7567 2645 2176
  1.15  0.725  463
  2.79    0.7  463 2461 4564 7052 815 7558
  1.52  0.783  5648 3261 8380 6614 4112 3982 9422
  1.86  0.678  7664 3082 5119 420
  1.71  0.742  9295 6757
  1.16  0.497  2590
  1.33   0.59  2590 7051 9894 8545 7186 7867
  1.87  0.585  7051 6863 3668 6757 7799 7683 4921
  1.39  0.713  9153 9933
  1.18  0.659  6161 8852
  2.77  0.704  8151 4746 6873 1318
  1.91  0.693  8151 9041 5681
  2.86   0.68  5743 4363 4595 7371 6032 2578 2630 864
  1.57  0.631  2194 8283 7441 5101
  1.22   0.83  8559 7988
  4.76  0.636  8559 4458 4750 852 7952 937
  1.21  0.843  2063 3259 7933 7586
   1.5  0.697  2526 124
  1.16  0.824  854 7475 1804 2392
  4.49  0.741  854 1085 7685 8766 63 1613 7604
  1.62   0.96  29 3506 709
  1.43  0.695  8227
  1.14   0.77  8822 9542 729
  2.03  0.676  2569 6013 4308 1972
  1.29  0.782  4890 9853 9276 8273 8463
  2.65  0.552  280 8592 5307 4551
  1.02   0.73  3317 6673 9300
  1.26  0.788  7434 2316 8511 2338 1127
  2.48  0.721  6819 5594 6637
  1.32  0.712  6637 5750
  1.21  0.578  5750 7683 5155 8122
  2.58   0.63  5750 5155 8122 1325 2445 2167
  1.67  0.814  6962 2516 1722 1508 5637
  1.03  0.857  2516 5637 1467 309
  3.03  0.651  6140 4016 5246
  1.49  0.675  2153 662 7219 740
  1.12  0.869  6330 1214 7782 1502 2191 8924 6736 7758
  1.02  0.735  8096 5041 6947 4082
  2.97  0.735  1017 2005
   1.8  0.791  335 6631 1941 374
  2.52  0.769  335 6631 1941 374 5631 4007 4417
  2.99  0.835  7943 3250 6526 9943 9140
  1.54  0.822  3056 5211 4429
  1.26  0.827  4429 2241 3789
  1.58  0.788  8263 590 7901 7515 5714
  2.44  0.655  571 5964 2551 884
  2.62  0.767  8380 6615 6757
  1.18  0.691  996 1648 6571 7957 8438
   1.9  0.831  996 23 1164
  2.15  0.705  2458 9817 3667 613 8222
  1.28  0.713  7196 4537 3964 852
   3.2  0.761  7196 4537 1464 248 5107
   1.1  0.555  5429 4676 4474
  1.98  0.733  3396 7218 2266 2420 7186
  1.08  0.889  3396 9996 7745 3501
  2.14  0.695  3396 9374 9832 3684 487 6409 7858
  1.68  0.832  8792 5924 187
  1.73  0.618  5329 3531
  4.74  0.593  3531 1705 346 6308 9747
  1.78   0.69  3531 346 6308 238 1725 8475 8003 8559
  1.21  0.564  5955 2528 3159 9066 7818 5980
  1.56  0.755  988
  1.99  0.644  7812 9746 5674 4369 9517 934 3199
  1.14   0.97  4369 6448 8020 9562 4490 1095 1180
  2.61  0.686  1095 2552 3598 5707 647
  2.15  0.723  5707 647 9937
  1.33  0.783  3276 6258 5337 5268 6149 3988
  1.09  0.837  6149 5493 4400 5550 4471 1325
  1.09  0.595  5393 4194 9500 6673 9116 876 5193 4032
  1.17  0.825  2227 2527 7066 1912
  3.94  0.588  6631 5881 1020 9558
  2.46  0.791  246 6172 1336 5876 4742
  4.36  0.639  5876 6422 260 2867
  1.09  0.721  7832 1585
  3.96  0.771  7969 9295 9266 7447 6485
  1.14      1  7969 7447 6335 8127
  5.54  0.582  7969 6335 4169 6160 6111 7872
  2.16  0.725  2594
  1.74  0.605  2594 1409 8808 4569 3535 7451 9877
  1.18  0.715  7913 9945
  1.23  0.831  7913 9945 9959 5346 2091 9356
  1.08    0.7  9945 3421
  1.33  0.717  9945 3421 9099 1991
  1.96  0.702  6583 5181 8433 2382 5423 1089 2248 732 2553
  1.35  0.765  5724 7391 7813 8374 3201
  2.76  0.647  5302 5693 132 7391 9380
  2.06  0.715  5693 7391 5875 229 1286
  3.29  0.826  5693 229 1742 3562 4456
  2.99  0.646  6457 1524
   2.3  0.883  5829 7884 1469
  1.04  0.948  5774 631
  1.49  0.828  7718 5427
   1.8   0.92  208 6409 3975 5458 5198
  1.64   0.74  208 4972 3110 9765
  3.01  0.706  7509 2485
  1.07  0.666  6106 3965 9374
  2.47  0.536  8085 699 3791 4117 8828
  1.72  0.686  3124 4404 9594 2304
  2.98  0.956  3124 7149 929 5883 7922
  1.05  0.868  3124 9784 9227 7861
  1.01   0.71  9061 6870 9970 402
  1.42  0.972  7457 5413 6060 4639
  1.08  0.774  8939
  1.55  0.791  9383 6994 994 9969 5715
  1.39   0.73  6994 3154 1854 6968 592
  1.41  0.835  6994 1854 592 8940 8142
  1.13  0.868  1854 8142 6314 1174 8621 246 8606 1464 2373 170
  2.24  0.788  8142 170 4577 1720 6895 9710
  1.07  0.726  170 1720 9710 7648 9616 6310 6068 7395 953
  2.23  0.741  9710
  1.08  0.716  5272 3122 1256 5058 3048 6429
  4.84  0.792  1097 8617 8644 8249
  2.81  0.745  1097 5909 1198
  1.31  0.824  1198 9414
  2.11  0.649  3720 7793 4711 4365
   2.1  0.582  4365 2373 8602 3928 6735 8939
  1.02   0.75  2176 9572 3582
  1.38  0.693  2176 9572 3582 2392 2771
  1.36  0.684  1046 9701
  1.23  0.741  1023 5906
  2.09  0.923  5906 4769 9860 3293 8940 1296 827
  1.17  0.747  2464 7641 4975
  1.27  0.689  5583 6965 7114 8634
  2.04  0.664  8213 6086 4660 1818
  2.16  0.776  631 6726 3616
  4.92  0.899  631 6726 3616 3261 5186 4312 9260 1626 6289
  3.78  0.823  1332 3298 7158 9426 5405 1647
  1.13  0.664  1382
  2.88  0.636  1382 6392
  2.01   0.65  1382 2977 2383 2112 6917
  1.46  0.703  4614 6963 246 3768
   2.8  0.637  3768 5536
   3.1   0.71  3768 5536 6886
  1.68  0.678  3768 5730 6669 9905 89 7909
  2.73  0.785  5116 9926
  1.21   0.75  5116 9926 7505 2016 5419
  1.44  0.806  675 4960 2053 8844
  5.58  0.708  675 4960 2053 647 5677 3579 9479
  1.03    0.8  5818 3253 5917 4873 7497
   1.3  0.734  4932 4646
  1.27  0.811  4932 4646 4401
  3.96  0.583  4646 7355 2527 1121 927 3756 9662 4466
   1.6  0.637  8603 4398 7962
  2.42  0.683  1229
  1.18  0.773  2265 2391 4682 6106 6022
  1.33  0.669  4682 4243 8784
  2.52  0.612  3404 2162 555 3461 7745 1269
  1.05  0.795  9929 7352 555
  1.92   0.66  6043 2385 8516 7101 1171
   1.2  0.984  9118 5789 395
  3.54    0.5  5298 996 3244 7161 8796 3363
     1  0.813  5535 9786 543
  1.25   0.65  9464 482
  1.15  0.668  482 6187 3324 652 1982
  1.84  0.728  482 386 5366 188 3552
  1.72  0.751  6385 5331 6104 6780 7658 9412
  1.22  0.814  6780 4960 4796 4185 649
  3.17  0.905  649 5027 676 439 6733 5522
  1.02   0.83  649 676 1409 9090 2790 7984
  1.63  0.739  7984 9436 6825 8582
  3.92  0.751  2303 9402
  1.09  0.697  2303 6925 1608 3856 1757 9721
  4.64  0.664  3856 1757 9721 8257 214 8861
  2.18  0.754  1034 7467
  3.65  0.781  1034 623 7826 6059 5960
  1.05  0.898  5535 7995
  1.02  0.898  5535 246 5920
  1.24  0.615  8608 7551
  1.32  0.753  636 5769 8792
  1.44  0.756  6160 6917 9616
  2.47  0.875  6160 827 9097 9113 5641
  1.33   0.73  6160 2716 2216
  1.36  0.692  4657 40 1401 6258
  3.21  0.699  40 5682 8826 6338
  1.68  0.896  4029 8674
  2.39  0.805  4029 8674 3920 4228 1557 17 9772 9573
  1.89  0.639  1155 2803 8562 9531
  1.11   0.74  6 3005 6633 7757 2457
  3.26  0.707  6 2457 1855
  1.73  0.883  3480 2305 5101 7497
  2.74  0.813  1441 1799 5093 9499 1500 9300 8618
   1.8  0.821  8420 647 3072 4492 9860 2226 3671 4237
  1.32  0.764  3574 9631 6563 1988 8035 6524 1451
  1.64   0.87  9631 4934 6286 7232 8314
   1.1  0.679  9631 4934 6286 8314
  3.31  0.877  4934 3810
  2.58  0.507  3810 7243 2557 3051 7305 6601
  1.24  0.867  961 3514
  1.18  0.746  9130 1628 7629
  2.02  0.516  9399 5057 5947
  1.08  0.736  1341 7198 2140 9697
  4.57  0.717  2115 5793 2457 36 3296
  3.56  0.791  4276 5276
  2.81   0.82  8235 7114 3192 6176
  1.74  0.908  7212 6600 9417 2090 9287
  1.16   0.74  2151
  1.36  0.859  4792 6535 5197 2828
  2.78  0.867  8669 5372 4802
  1.03   0.67  8559 6161 2434 7052 1486
  2.07  0.884  9172 5150 9214 7625 1569
  2.16  0.767  738
  1.05  0.987  9621 9044 3822 121 9048
  2.37   0.67  8095 2574
   1.2   0.93  9800 6703 4578 9499 5204 2035 4147 668 8569 6488
  1.29  0.704  4578 2035 599 2617
  3.67  0.803  2617 8852
  1.52  0.853  1373 3985 9799 3920
  1.69  0.797  9813 9321 6839
  1.41  0.776  9813 9321 9298 8940 5254 8801
   1.7   0.63  8163 2057 7168 7479 7115 8100
  1.26  0.856  6911 7222 8096 4012 3343
   1.6  0.758  1462 8688 5372 3934 1735 1678 1883
  4.74  0.586  5249
  1.65  0.878  5249 1474 3730 2695
  3.03  0.796  8803 5405
  2.01  0.799  8803 9148 1015 4564
  1.05  0.895  8564 6031
     1  0.652  8564 2542 9344
  1.96  0.777  2542 2596 7705 4577 292
  1.89  0.729  3363 5958
  1.09  0.766  8593 9130 545 7660 138 4918
  1.42  0.833  9951 1668 4510 5534
  2.47  0.789  1668 9725 6683 6396 3800 8 7480
  2.42  0.789  9725 6683 3800 8
  3.31  0.601  3800 13
  1.33  0.847  13 2800 1411 8298 5959 2954
  1.13  0.604  9277 4548 6197
  1.23  0.693  5986 6267 8847
  3.23  0.789  5986 5831
  1.06  0.582  5660 7846 7545 1702
  1.67  0.751  9676 3117 9896 4048
  1.18   0.83  3058 8268
   3.3  0.744  7901 2617
  2.41  0.784  2617 992 6253 3551
  3.14  0.925  2617
  2.23  0.895  2617 7256 459
  1.03  0.728  7207 2017 3655
  1.05  0.825  4766 911
  1.33  0.789  3950 9058 1187 7685 4364
  1.64  0.766  3950 8630 5069
  1.38  0.663  8285 7577 6537
  1.71  0.755  1144 1355
  1.58  0.796  1144 1355 5186
   2.1  0.667  3106 1027 7540 5051
  2.28   0.96  3106 1027 7540 1678 6323 1027
  1.19  0.743  7636 1593 612 9354
  1.17  0.634  4417 2095 7800 2232
  1.74  0.815  6230 5865 9954
  1.06  0.723  6895 4381 4315 6570
  1.57  0.733  6895 4381 9806 914
  2.19  0.725  1537 899 4388 1425 6172
   1.2  0.693  3043 8826
  1.45  0.837  5348 4995 2838
  1.18  0.772  8746 3103 5150 87
  1.36  0.821  3103 7344 7850 2582 6357
  1.36  0.784  3103 2582 1557 9248 9784
  1.09  0.816  5883 1302 7800 964 7215
  1.27  0.785  6262 1307 4879
  1.29  0.651  7918 3401 5366 7655 1194 881 6385
   2.1  0.855  3253 8921
  1.01  0.684  1713 4111 8385 8698 3456 1972
  2.04  0.877  8385 8698 1972
  1.62  0.761  2344 8380 5461
  1.38  0.841  1371 7799
  1.81  0.771  1371 7799 2918 1316
  1.15  0.711  8720 8797 7563 5246
  1.44  0.947  7456 6595 4539
  1.32  0.766  4231 169 9996 7226 1614 245 1327 3931
  1.62  0.688  8221 2630
  1.07  0.601  7498 2339
  1.09  0.687  9172 8846 9020 7308
  1.19  0.946  5676 5614 4755 4282
  1.92  0.661  5614 4119
  3.25  0.898  4119 6364 4446 6168 5579 238
  1.38  0.749  5579 1240 5257 4340
  1.07  0.662  5579 6175 9460
  1.05   0.85  6175 6455 5759 1994 429 7122 3357
  1.39  0.776  5759 4468 3279 3293 9876
  2.01  0.875  4468 3162 85 4491
  1.13  0.758  9530 1042 5795 9995 7277
  1.41  0.759  9529 4283 7843
   2.1  0.666  368 4945 2001 8448 5168 5461
  1.75  0.803  6426 4811 1432 5879
  2.25  0.846  1816 3
  2.01  0.771  1816 7138 3151 7256 9135
  1.82  0.904  7138 3151 7256
  2.42  0.711  7675 8117 558
  1.45  0.695  558 9616 3114 8386 3744
  1.12   0.83  2790 6527 6918
  1.16  0.793  6221 9034 6187
  1.79  0.718  5723 7411
  2.83  0.552  2472 3359 9374 6731 3175
  1.17  0.653  7066 7954 2689 3663
  1.04  0.834  477 4345 7203 521
  3.66  0.836  7095 5614
  1.14  0.759  7095 4965 9171 1871 17
   1.2  0.671  4965 1871 1674 4310 5832 6190 5274
  1.47    0.7  70 7138 4331 2528
  4.95  0.682  4533 3186 73
  4.45  0.869  8215
  2.15  0.749  2998 117 4297 9716 8265 6965
  1.66  0.768  7356 2845
     1    0.9  4087 894 8483 1239
  2.05  0.715  4087 7207 4308 1301 3948
  1.15  0.868  7207 1301 1113 9357 6358 2115
  1.84  0.806  2408 907 767 3256
  1.37  0.891  767 9029
  1.09   0.92  9029 6868 9697
  1.92    0.7  9029 439 9393 6117
   1.9  0.873  9029 439 9393 6117
  4.69  0.675  6117 2133 1224 8184 9814 1425
  2.06  0.669  8616 7930 277 7358
  1.58  0.948  8616 7358 3667 5246
  1.79  0.751  8616 4300 866 6757
  1.04  0.655  8578 5018 5650 9776 3742 3637 8435
  1.16  0.596  5018 5650 2005 1816 3734
   1.5  0.744  5018 2358
  1.09    0.8  5018 2358 5456 210 6977
  2.15   0.74  859 2888 7003 6606 3921
  1.99  0.755  2888 7003 3921 4890
  1.68  0.636  2888 4890 5522 4097
  1.34  0.819  2888 5522 4097
  3.53  0.728  7020 5127 9979 6464
  1.44  0.702  3878 8608 8592
  1.59  0.934  8095 7241 5512
  1.61  0.777  4026 8422 5484 9288
  2.13  0.641  8983 7979 7218 6325 5970
  1.47  0.871  7979 7218 6325 5970 6314 1302
  1.91  0.785  4830 3478 6227 3728
  1.07  0.604  3106 4557 6656 9271 5875
  1.52  0.731  2223 4496 7002 9399 3883 2089
  2.62  0.838  4496 7002 3883 1876 7413
  2.27  0.864  6583
  1.44  0.879  3556 1504 5457 3296 7833 7968
  1.82  0.832  5522 2608 4607 7222
   1.2  0.513  2608 4607 7222 4059 1726 7044 67 8690
  2.55  0.747  5010 5399 5513 4909 5700 490
  1.67  0.755  1349
   1.3  0.881  5594 9373 8241 5539 1834 7228
  1.48  0.651  5543 3784 23 3702
  1.01  0.792  5543 23 9428 5561 2374
  2.79  0.837  1396 4612
  1.56  0.649  8377 395
  1.36  0.648  9915 9 1533
  1.37  0.574  4933 9529 6358 432
  1.07  0.904  2845 2645 6176
  3.95  0.802  1066 2176
  2.32  0.516  1066 670 3723 6872
  1.88  0.737  7412 7572 7462 9778 7094 2465
  1.06  0.758  7412 9778 7094 6762 2839 6807 5587 9733 6106
  5.41  0.671  908 7927 1232 322 4116 1618 6313
  1.26  0.764  9929 7174 3319 7951
  2.39  0.566  1761 7465
  1.23  0.755  1761 2193 9784 6786 9594
  1.27  0.775  9594 3150 6296 2445 3647
  1.73  0.672  6296 8332 1047
  1.22  0.845  5786 5958
  2.07  0.762  1409 3256
  1.49  0.798  3256 7988 963 3831 3324 2914
   2.3  0.591  5909 5067 5328 4363
  2.28  0.762  1026
   1.9  0.787  9938 132 9241 2227
   1.2  0.904  7795 3730 6669
   1.4  0.823  8345 2316
  1.47  0.758  3129 9394 7646 6379
  1.66  0.677  6358 5031 5832 6843 2787 7316
  4.37  0.617  4827 8058
   1.5  0.729  5487 1708 5257 610 6231
   1.6  0.913  6209 8593 4766
  1.95  0.771  6209 7295 915 6923
  1.08  0.748  6209 6923 1864 4997 6445 3748
  1.56  0.743  2915 9384 248 2226 307
  4.37  0.658  2915 9384 2635
  1.41  0.705  1205 8226 585
  2.75  0.769  1219 2528 3179 4151

