Number of transactions in database = 100000
Average transaction length = 5
Number of items = 6000
Large Itemsets:
	Number of patterns = 1000
	Average length of pattern = 4
	Correlation between consecutive patterns = 0.5
	Average confidence in a rule = 0.75
	Variation in the confidence = 0.1

Items:
553  5.91
571  5.09
592  6.66
709  5.24
1557  6.65
1664  6.57
1882  5.03
1971  5.54
2001  5.48
2021  5.4
2060  5.01
2095  5.01
2112  5.38
2227  7.62
2445  5.35
2781  7.07
2964  5.17
3186  6.5
3572  5.59
3669  5.84
3934  6.92
4050  6.77
4297  5.24
4750  9.5
4911  5.43
5148  5.66
5211  5.92
5682  7.03
5766  7.37
5793  5.03
5817  5.48
5832  5.28

ItemSets:
  1.32  0.629  3004
  1.23  0.628  3830 5992 5704 1253 2637
   3.5    0.8  5812 3656 5331 318 5761 2358
  1.08  0.874  709 1409 2660 3392
  1.17  0.895  4633 471 2026 3885
  1.08  0.749  404
  1.72  0.976  4573 2810 5635 772 1737
  4.07  0.843  2306 209
  1.35  0.797  2306
  1.41  0.459  2306 2836 2377 4050 4700 2216
  1.91  0.659  2216 5276 4839 5398 1968 2179 2519 3390
  1.15  0.725  3656
  2.79    0.7  3656 2087 1882 111 1648 1313
  1.52  0.783  686 5408 420 4145 1608 2947 2653
  1.86  0.678  127 3277 1972 5075
  1.71  0.742  2021 1842
  1.16  0.497  241
  1.33   0.59  241 4476 1594 146 1589 5576
  1.87  0.585  4476 4056 4311 1543 2302 3733 4639
  1.39  0.713  5161 4330
  1.18  0.659  1781 5507
  2.77  0.704  5942 2125 3899 2851
  1.91  0.693  5942 2232 1664
  2.86   0.68  3671 5339 553 5649 4968 2886 1225 2832
  1.57  0.631  1563 523 132 4858
  1.22   0.83  2439 4407
  4.76  0.636  2439 4407 722 2788 2605 953
  1.21  0.843  1878 3713 5010 4735
   1.5  0.697  3059 1217
  1.16  0.824  4879 4024 4848 561
  4.49  0.741  4879 4848 4082 2268 1247 4033 1971
  1.62   0.96  3595 444 1756
  1.43  0.695  1780
  1.14   0.77  5026 4411 518
  2.03  0.676  5288 38 997 4603
  1.29  0.782  4354 2123 432 5483 2564
  2.65  0.552  4163 3186 5322 5749
  1.02   0.73  2582 2552 3648
  1.26  0.788  3624 4813 572 2339 1781
  2.48  0.721  5400 5782 1679
  1.32  0.712  5782 1679
  1.21  0.578  5782 1679 1755 3931
  2.58   0.63  5782 1679 1755 3931 5238 2009
  1.67  0.814  5148 1408 670 1790 1557
  1.03  0.857  1408 1557 2009 670
  3.03  0.651  3429 1471 1302
  1.49  0.675  511 360 2171 2722
  1.12  0.869  4069 1502 1059 929 3369 894 170 1233
  1.02  0.735  1787 1359 1652 2417
  2.97  0.735  3147 641
   1.8  0.791  437 1798 1294 405
  2.52  0.769  437 1798 1294 405 4355 444 5023
  2.99  0.835  1294 2661 2692 5148 2708
  1.54  0.822  5148 5198 4284
  1.26  0.827  4284 1005 1529
  1.58  0.788  219 1273 729 4741 921
  2.44  0.655  219 1317 5386 4050
  2.62  0.767  4720 4884 246
  1.18  0.691  1425 2648 3772 5011 4843
   1.9  0.831  1425 3197 3106
  2.15  0.705  442 3021 4177 2465 610
  1.28  0.713  1186 216 3362 2411
   3.2  0.761  1186 216 3362 2639 4841
   1.1  0.555  5504 2288 2626
  1.98  0.733  3564 994 5073 3971 4056
  1.08  0.889  3564 1185 2531 595
  2.14  0.695  3564 2531 1017 3940 4852 5116 12
  1.68  0.832  3265 2650 858
  1.73  0.618  2714 2387
  4.74  0.593  2714 2387 518 892 143
  1.78   0.69  2714 518 892 143 3061 4801 1071 3551
  1.21  0.564  892 3247 553 4504 1510 439
  1.56  0.755  2798
  1.99  0.644  3591 2053 501 4355 1372 1462 4329
  1.14   0.97  4355 318 612 5996 4711 2117 5625
  2.61  0.686  2117 5625 2234 289 4785
  2.15  0.723  2234 289 4785
  1.33  0.783  3082 2929 287 4398 1332 5306
  1.09  0.837  4398 1332 3552 115 466 5383
  1.09  0.595  3569 4466 5531 3557 3186 2135 1042 194
  1.17  0.825  1067 5131 4887 5170
  3.94  0.588  3572 592 5155 5522
  2.46  0.791  5155 2223 4822 4605 5089
  4.36  0.639  5155 4605 2210 5076
  1.09  0.721  5155 1047
  3.96  0.771  731 4732 4383 5914 3130
  1.14      1  731 5914 2773 4750
  5.54  0.582  731 5914 2773 5834 3386 2609
  2.16  0.725  5834
  1.74  0.605  5834 648 706 3153 4437 1518 2176
  1.18  0.715  3402 401
  1.23  0.831  3402 401 5949 3661 1988 874
  1.08    0.7  401 874
  1.33  0.717  401 874 1184 3734
  1.96  0.702  401 3669 2400 3274 2631 3317 2673 809 1995
  1.35  0.765  210 1188 4704 3220 2527
  2.76  0.647  5712 4007 5494 538 3114
  2.06  0.715  4007 538 2425 4544 3828
  3.29  0.826  4007 538 4544 73 1343
  2.99  0.646  1503 4256
   2.3  0.883  1176 1692 4987
  1.04  0.948  5793 2035
  1.49  0.828  4264 248
   1.8   0.92  2130 2773 4988 3982 3527
  1.64   0.74  2130 612 5754 140
  3.01  0.706  3600 3651
  1.07  0.666  815 2830 3856
  2.47  0.536  1710 4760 988 4866 5575
  1.72  0.686  4796 3394 1371 583
  2.98  0.956  4796 3815 5148 2676 3045
  1.05  0.868  4796 3801 5312 2735
  1.01   0.71  2137 4506 5906 1048
  1.42  0.972  4823 5959 5974 3193
  1.08  0.774  2064
  1.55  0.791  1207 3948 3110 5112 1429
  1.39   0.73  3948 5112 3245 647 1362
  1.41  0.835  3948 5112 3245 647 1362
  1.13  0.868  5112 1362 443 1520 1273 85 3411 4470 4751 5071
  2.24  0.788  5112 1362 5071 1933 3168 3395
  1.07  0.726  5112 1362 1933 3395 81 4470 5633 3522 132
  2.23  0.741  1933
  1.08  0.716  1082 2155 2663 3885 938 3488
  4.84  0.792  4693 3247 123 3838
  2.81  0.745  4693 3838 2396
  1.31  0.824  2396 3261
  2.11  0.649  4544 1486 4489 473
   2.1  0.582  473 2368 2387 5625 1429 643
  1.02   0.75  2368 4927 423
  1.38  0.693  2368 4927 423 2289 2487
  1.36  0.684  4510 1569
  1.23  0.741  5382 4904
  2.09  0.923  4904 4673 2319 2896 3114 5634 4201
  1.17  0.747  595 5976 3405
  1.27  0.689  1143 5207 140 5199
  2.04  0.664  107 2739 1055 4135
  2.16  0.776  1055 5814 4632
  4.92  0.899  1055 5814 4632 5771 3769 3639 4473 571 59
  3.78  0.823  1709 534 4569 4455 3250 652
  1.13  0.664  3250
  2.88  0.636  3250 5011
  2.01   0.65  3250 3549 722 5656 5009
  1.46  0.703  4519 4216 5456 2246
   2.8  0.637  2246 4946
   3.1   0.71  2246 4946 4745
  1.68  0.678  2246 2815 2608 5897 1427 5195
  2.73  0.785  2364 4049
  1.21   0.75  2364 4049 5389 1313 5761
  1.44  0.806  3555 3552 4839 2796
  5.58  0.708  3555 3552 4839 2796 3110 3972 2761
  1.03    0.8  4023 1294 3050 1708 3655
   1.3  0.734  2576 227
  1.27  0.811  2576 227 2035
  3.96  0.583  227 2035 4033 4411 5886 592 831 4332
   1.6  0.637  418 628 5808
  2.42  0.683  4545
  1.18  0.773  2659 3107 5753 613 3543
  1.33  0.669  5753 2851 5897
  2.52  0.612  2851 496 2977 3111 1740 3331
  1.05  0.795  4989 2790 1121
  1.92   0.66  2585 5553 1003 3756 2139
   1.2  0.984  1823 5133 5906
  3.54    0.5  1313 4312 5668 3227 1016 839
     1  0.813  1023 1638 3828
  1.25   0.65  2771 4187
  1.15  0.668  4187 140 2275 3306 4128
  1.84  0.728  4187 4128 3414 4005 5917
  1.72  0.751  5928 4543 1224 3241 2212 652
  1.22  0.814  3241 4812 2996 5164 3240
  3.17  0.905  2996 3240 416 4480 2964 1239
  1.02   0.83  2996 416 2964 5329 401 3387
  1.63  0.739  3387 3901 3484 1971
  3.92  0.751  3551 2785
  1.09  0.697  3551 4447 1503 667 558 2268
  4.64  0.664  1503 667 558 2268 5793 2669
  2.18  0.754  2182 4854
  3.65  0.781  2182 1441 2800 3655 3613
  1.05  0.898  2354 5517
  1.02  0.898  2354 2445 3736
  1.24  0.615  338 1298
  1.32  0.753  2089 477 1184
  1.44  0.756  2952 2761 2126
  2.47  0.875  2952 5062 5062 2320 1734
  1.33   0.73  2952 5062 2723
  1.36  0.692  1269 170 673 5941
  3.21  0.699  170 4446 335 2085
  1.68  0.896  70 3447
  2.39  0.805  70 3447 2544 758 672 3624 1435 5148
  1.89  0.639  672 4284 282 3139
  1.11   0.74  5495 3461 221 3168 2852
  3.26  0.707  5495 221 2852
  1.73  0.883  5506 4315 5308 2029
  2.74  0.813  5524 2851 3305 5861 325 5417 3920
   1.8  0.821  5692 284 3690 2013 403 1197 221 3200
  1.32  0.764  3654 4641 5655 2964 2857 2519 402
  1.64   0.87  4641 5655 3010 416 255
   1.1  0.679  4641 5655 3010 255
  3.31  0.877  4641 5655
  2.58  0.507  4641 5655 4046 3297 863 5474
  1.24  0.867  1872 5356
  1.18  0.746  1386 3306 4166
  2.02  0.516  2625 201 4960
  1.08  0.736  622 148 4163 2287
  4.57  0.717  622 3583 5668 2692 5346
  3.56  0.791  3563 3276
  2.81   0.82  5177 396 2631 1396
  1.74  0.908  142 875 3521 5200 4569
  1.16   0.74  3671
  1.36  0.859  3671 497 2789 28
  2.78  0.867  2541 1801 5171
  1.03   0.67  4796 1713 2038 4 1789
  2.07  0.884  3987 4717 1474 1144 2099
  2.16  0.767  1118
  1.05  0.987  5206 3108 5003 3948 5104
  2.37   0.67  3921 879
   1.2   0.93  3957 2810 709 2714 3730 5237 2274 3942 5181 815
  1.29  0.704  709 3730 5237 5265
  3.67  0.803  5265 3678
  1.52  0.853  2401 5501 1427 1005
  1.69  0.797  4615 4623 1755
  1.41  0.776  4615 4623 1755 5077 5520 4490
   1.7   0.63  511 925 4570 43 5642 3026
  1.26  0.856  1882 1759 1407 818 4333
   1.6  0.758  412 851 4348 1853 3957 5660 1267
  4.74  0.586  5569
  1.65  0.878  5569 3430 5851 5309
  3.03  0.796  4702 1755
  2.01  0.799  4702 1755 4033 4308
  1.05  0.895  2777 4684
     1  0.652  2777 2234 2796
  1.96  0.777  2234 5231 1638 1279 5879
  1.89  0.729  2366 2858
  1.09  0.766  5097 1298 5170 3671 1466 4243
  1.42  0.833  907 3092 5531 4612
  2.47  0.789  3092 978 5804 3909 3296 4977 4418
  2.42  0.789  978 5804 3296 4977
  3.31  0.601  3296 38
  1.33  0.847  38 1754 444 1051 2573 74
  1.13  0.604  74 5777 5454
  1.23  0.693  74 71 5456
  3.23  0.789  74 71
  1.06  0.582  5172 103 3639 601
  1.67  0.751  93 3967 1316 871
  1.18   0.83  1531 4178
   3.3  0.744  3180 5669
  2.41  0.784  5669 35 4326 1015
  3.14  0.925  5669
  2.23  0.895  5669 5871 4029
  1.03  0.728  5871 2739 5711
  1.05  0.825  5176 2060
  1.33  0.789  919 4101 1080 2065 771
  1.64  0.766  919 5011 834
  1.38  0.663  3147 1240 4315
  1.71  0.755  4527 4293
  1.58  0.796  4527 4293 4934
   2.1  0.667  1136 4156 4362 4932
  2.28   0.96  1136 4156 4362 4932 2415 2021
  1.19  0.743  4336 287 5793 3270
  1.17  0.634  3270 1077 1034 1158
  1.74  0.815  1500 5536 5309
  1.06  0.723  3908 3988 5397 2029
  1.57  0.733  3908 3988 4078 961
  2.19  0.725  3561 5188 5501 326 4643
   1.2  0.693  3869 1148
  1.45  0.837  4011 2292 5
  1.18  0.772  4852 2725 3696 1494
  1.36  0.821  2725 3696 3744 5331 3488
  1.36  0.784  2725 5331 3488 2873 3382
  1.09  0.816  3385 2274 3043 2790 2617
  1.27  0.785  3876 1664 5796
  1.29  0.651  101 4679 1871 5909 2437 5897 961
   2.1  0.855  4742 706
  1.01  0.684  4742 4977 4342 1825 5023 1429
  2.04  0.877  4342 1825 1429
  1.62  0.761  3119 3731 2142
  1.38  0.841  2212 5150
  1.81  0.771  2212 5150 878 3897
  1.15  0.711  48 2383 2375 5458
  1.44  0.947  5699 2248 2608
  1.32  0.766  5399 2129 5815 631 4366 1858 618 4559
  1.62  0.688  3910 4965
  1.07  0.601  5645 4618
  1.09  0.687  2639 2392 5412 1269
  1.19  0.946  1349 4754 883 3332
  1.92  0.661  4754 437
  3.25  0.898  4754 437 2412 5353 5329 3356
  1.38  0.749  5329 1183 2774 1442
  1.07  0.662  5329 1442 4997
  1.05   0.85  1442 4997 3724 2301 4595 5852 1302
  1.39  0.776  3724 330 5908 1386 3546
  2.01  0.875  330 3908 2180 87
  1.13  0.758  5906 4112 482 2120 4508
  1.41  0.759  5454 707 4464
   2.1  0.666  2617 2586 3940 5874 553 950
  1.75  0.803  5383 4440 4777 1536
  2.25  0.846  3802 963
  2.01  0.771  3802 963 5545 5859 4143
  1.82  0.904  963 5545 5859
  2.42  0.711  3530 803 4750
  1.45  0.695  4750 577 4352 3710 2708
  1.12   0.83  182 3742 803
  1.16  0.793  4639 720 3822
  1.79  0.718  2477 5075
  2.83  0.552  2406 1853 3504 1260 3537
  1.17  0.653  1722 1412 5075 3262
  1.04  0.834  5075 2987 1925 4911
  3.66  0.836  63 831
  1.14  0.759  63 4749 1740 807 192
   1.2  0.671  63 4749 807 3891 5079 5270 2743
  1.47    0.7  2714 85 3929 1191
  4.95  0.682  423 3948 4540
  4.45  0.869  829
  2.15  0.749  4905 3297 3975 2701 4510 601
  1.66  0.768  3975 2886
     1    0.9  2001 5039 1731 4996
  2.05  0.715  2001 4996 1563 1557 4922
  1.15  0.868  2001 4996 1557 5274 4541 1408
  1.84  0.806  1882 1377 623 3397
  1.37  0.891  623 5514
  1.09   0.92  5514 5436 4413
  1.92    0.7  5514 5436 4473 3387
   1.9  0.873  5514 5436 4473 3387
  4.69  0.675  3387 3671 3353 2843 2565 2488
  2.06  0.669  2596 5687 3882 1208
  1.58  0.948  2596 3882 1208 246
  1.79  0.751  2596 4296 2026 2670
  1.04  0.655  1903 50 2685 4996 1706 4383 3218
  1.16  0.596  50 2685 3218 455 3361
   1.5  0.744  50 934
  1.09    0.8  50 934 5420 5740 3008
  2.15   0.74  2565 4765 2408 4412 5764
  1.99  0.755  4765 2408 4412 5764
  1.68  0.636  4765 2408 5764 2584
  1.34  0.819  4765 5764 2584
  3.53  0.728  2584 1216 1462 5119
  1.44  0.702  4097 2822 1276
  1.59  0.934  5400 4977 3534
  1.61  0.777  1940 5412 3298 2003
  2.13  0.641  2003 4930 5755 3351 5088
  1.47  0.871  2003 4930 5755 3351 5088 3032
  1.91  0.785  3527 1119 3 4301
  1.07  0.604  3 1239 3538 519 1107
  1.52  0.731  1239 4610 998 4947 4656 4944
  2.62  0.838  1239 4610 998 4947 4656
  2.27  0.864  335
  1.44  0.879  335 5773 4163 4886 2397 4852
  1.82  0.832  3715 5445 4163 3690
   1.2  0.513  3715 5445 4163 3690 1882 2474 5402 3411
  2.55  0.747  4482 2738 799 2400 5599 1483
  1.67  0.755  2026
   1.3  0.881  4045 4929 5946 2373 5525 4256
  1.48  0.651  5029 4848 1602 2216
  1.01  0.792  5029 4848 1602 2216 283
  2.79  0.837  3351 2964
  1.56  0.649  2964 11
  1.36  0.648  1032 2584 3492
  1.37  0.574  3692 2933 222 2005
  1.07  0.904  1753 4066 3046
  3.95  0.802  207 43
  2.32  0.516  207 2593 1504 204
  1.88  0.737  2060 4316 5704 4322 3878 3988
  1.06  0.758  2060 4322 3878 2849 847 87 5859 3882 1095
  5.41  0.671  3695 2947 500 4989 3667 518 1635
  1.26  0.764  5086 69 2578 5817
  2.39  0.566  5817 5021
  1.23  0.755  5817 5021 4188 2747 3216
  1.27  0.775  3216 2208 5601 4448 1688
  1.73  0.672  3216 2208 753
  1.22  0.845  1475 4341
  2.07  0.762  3804 1276
  1.49  0.798  1276 5382 1796 1606 5051 5536
   2.3  0.591  5536 5636 1457 1211
  2.28  0.762  549
   1.9  0.787  459 1971 5440 1384
   1.2  0.904  4116 5806 5637
   1.4  0.823  2449 5205
  1.47  0.758  2449 3147 2580 524
  1.66  0.677  3192 3899 520 2358 3296 2471
  4.37  0.617  2334 5200
   1.5  0.729  1118 4929 4377 3293 3219
   1.6  0.913  372 2418 5107
  1.95  0.771  372 3271 5571 5410
  1.08  0.748  372 3271 5410 4871 4355 3784
  1.56  0.743  372 4425 808 1744 3111
  4.37  0.658  372 4425 3111
  1.41  0.705  2060 2928 2722
  2.75  0.769  1855 1740 2729 318

